1732 5
2 -0.137403 -0.396998 0.365169 0.183505 0.138352
. 0.172218 -0.191771 0.541717 0.428492 -0.0614379
oh 0.955666 -0.00823731 1.26209 0.055833 -0.437799
, 0.304761 -0.945878 0.720255 0.057088 0.150913
! 0.244506 0.0996764 1.9891 -0.740417 0.100454
let 0.110142 -0.0317783 0.715422 -0.0736999 0.598718
us 0.101354 -0.281197 0.585397 0.564255 0.0422101
remember -1.03581 0.735459 -0.249312 0.0376297 0.146522
Mr. 0.321921 -2.09068 0.756183 0.164892 -0.205433
Speaker 0.0396653 -2.04942 1.5223 -0.578468 0.371074
that 0.130256 -0.478868 0.73416 0.375215 0.216227
these 0.283439 -0.650382 0.573395 0.398303 -0.114721
segments 0.161095 0.4566 0.541161 0.603362 -0.672567
of 0.00742209 -0.157369 0.758329 0.54792 -0.17567
our 0.108638 -0.174202 0.550269 0.662127 0.239378
society 0.104472 0.502394 1.32156 1.09114 -0.523483
form 0.0286481 0.0127092 0.177585 0.884255 -0.295647
the 0.40576 -0.180912 0.515201 0.654922 0.246351
backbone -1.20858 0.869767 1.87258 0.180813 -0.0310159
economy -0.661648 -0.70905 0.556067 1.22753 -0.691299
hear 1.24953 -0.279971 1.36667 -0.0787051 0.495777
my 0.268445 -0.711198 0.67365 0.382112 0.414189
question 0.481372 0.0464959 0.878397 0.89881 0.0600862
is -0.0971258 -0.386885 0.661314 0.5805 0.0935683
directed 1.47874 -0.755924 1.33834 0.588662 -0.463979
to -0.0234429 -0.24781 0.603477 0.498986 0.160307
Minister 0.62807 0.0283145 0.970585 0.672022 -0.422598
Transport 0.485544 -0.314917 0.398784 1.55725 0.32703
both -0.0238104 0.167432 1.21397 0.27641 -0.244098
have 0.0948801 -0.734838 0.467646 0.388541 0.83451
many 0.432514 -0.431236 0.918964 0.0463603 0.480802
years 0.475596 -0.815331 0.657431 0.590585 -0.326252
experience 0.539908 -0.475493 0.67996 1.04662 -0.0681626
in 0.0731154 -0.306138 0.691139 0.41959 -0.0270956
manufacture -0.155395 -0.403029 0.884066 0.247446 -1.15831
and 0.0416956 -0.328472 0.515165 0.566054 0.154049
distribution -0.403684 0.376858 1.18104 -0.9452 -0.545784
forest -0.127772 0.701237 -0.692238 0.610353 2.7469
products -1.08986 -0.245236 -0.603448 -0.574634 0.0282906
1 1.09118 -1.27688 -0.038642 1.06525 1.01765
another -0.258576 -0.23736 0.432025 -0.124983 0.785686
point 0.682634 -0.178718 1.01016 0.596166 0.3001
I 0.0614844 -0.995542 0.732938 0.17649 0.416838
should 0.0730051 -0.771821 0.320052 0.699768 0.693499
like 0.535632 -0.892444 0.523745 0.423023 1.48165
discuss -0.108051 -0.820697 0.272673 1.34935 0.0277779
right 0.711908 -0.156311 1.26671 0.95224 -1.09909
supplier 0.364207 1.34451 0.872028 0.0976071 -0.70074
choose 0.941457 0.0495876 -0.449337 1.51074 1.0263
his 0.242059 -0.201659 0.663132 0.711763 -0.0651349
customers 1.07277 0.150632 0.138571 0.909781 0.373551
as 0.089976 -0.567983 0.676989 0.245997 0.358675
he 0.111983 -0.961862 0.574123 0.411351 0.342228
sees -0.820694 -0.0420398 0.389802 0.263963 0.600394
fit 0.934527 0.88326 0.74435 0.685309 -1.49722
i -0.327652 -0.557453 0.533006 0.647813 0.294114
am 0.301269 -0.833794 0.361746 0.573981 1.29819
getting 1.03995 -0.588459 -0.0231443 1.04704 0.509074
sick -0.183089 0.616276 0.762257 0.535269 0.0213254
tired 0.437413 -0.459639 -0.0229101 -0.167544 -0.230307
ministers 1.31198 0.156812 -0.233202 1.42059 -0.745382
who 0.629597 -0.478243 0.567278 0.513714 0.305573
seem -0.879601 0.124667 1.90626 0.0576917 -1.75177
some 0.1775 -0.420559 0.649514 0.362623 0.569724
hang 0.460967 -1.5067 0.378645 0.828051 -1.09497
- 0.713705 -0.130926 0.498497 0.589445 -0.149515
up 0.135872 -0.256633 0.633609 0.623405 0.361113
with 0.0537686 -0.358839 0.566238 0.581647 0.0703453
regard 0.308468 -0.220476 0.634032 0.804126 -0.116852
collective -0.357575 0.161795 1.34915 -0.167237 -0.160895
bargaining 0.177653 -1.03151 0.740564 0.180649 -0.75438
process 0.705216 -0.0331098 0.839575 0.0807319 -0.97738
there -0.0249751 -0.545636 1.1687 0.0686306 0.331969
just 0.386608 -0.398668 0.692372 0.807747 0.10582
one 0.316665 -0.438097 1.13913 0.255909 -0.167303
specific -0.261687 1.20285 1.25487 0.321651 0.125534
item 1.34957 -1.19392 -0.309566 1.29083 -0.0393258
more 0.120053 -0.779581 0.674819 0.453369 -0.313825
would 0.0627537 -0.795252 0.27245 0.769683 0.866212
comment 0.961861 0.250176 0.132119 0.441749 0.24867
upon 0.000382127 0.572616 1.23394 0.5227 -1.02608
then -0.0501056 -0.90405 0.397955 0.676935 0.23869
will 0.138712 -0.840961 0.379389 0.662469 0.434991
sit -0.559442 -1.20191 0.353591 0.501341 0.125548
down -0.0203151 -0.425471 0.619254 0.440861 0.303683
order 0.114099 -1.1348 0.895148 0.541703 -0.187652
please -0.050854 -0.401282 0.960918 0.375206 0.121836
3 -0.615714 0.822001 0.798306 0.0921319 -1.20248
can 0.474339 -0.439806 0.249935 0.929553 0.240622
refer 0.362928 0.181287 0.701106 1.02092 1.43315
him -0.52678 0.189134 0.796231 0.734655 0.743272
no 0.124137 -0.780007 0.704723 0.228614 0.222688
better 0.0684245 0.617246 0.785719 0.302076 0.327638
authority -0.35151 2.09276 1.1419 0.35245 0.699955
on -0.0597117 -0.246167 0.698265 0.454816 -0.0089075
subject -0.20648 1.36843 1.2984 -0.38982 0.458355
than -0.0277856 -0.211275 0.776222 0.42794 -0.22093
hon. 1.18132 -0.250179 0.497506 0.961124 0.254452
member -0.197997 0.212941 0.622683 1.31305 0.238106
for 0.169971 -0.177128 0.60528 0.607873 -0.0682936
Don 0.382629 0.546661 1.32096 -0.698826 0.501725
Valley 0.225455 -0.0509265 0.852454 0.840491 -0.402293
not 0.0268166 -0.670669 0.474169 0.623487 0.358321
myself -0.193053 -0.388958 0.571212 0.70052 0.488607
it 0.127691 -0.714682 0.735664 0.31933 0.482784
quite 0.308846 -0.606196 0.77525 0.55697 -0.0940387
understandable 0.371382 0.119977 0.586616 0.554485 0.0398491
addition -0.56008 -0.899643 1.22976 -0.212932 -0.534798
could 0.268998 -0.236179 0.588844 0.742779 0.500342
become 0.328139 -0.875839 0.546706 0.543845 -0.56205
a 0.194471 -0.338542 0.613013 0.4811 0.280658
serious -0.191952 -0.471516 0.757893 0.600371 0.226699
threat 0.388196 -1.33676 -0.0119241 0.98839 1.00602
Confederation -1.14002 0.620896 0.590652 -1.02632 0.14874
national 0.411758 0.108938 1.45391 0.081574 0.150461
unity -0.490447 -0.722432 -0.642467 -1.20905 -0.894854
view 0.617083 -0.372713 0.883806 0.585034 -0.611884
this 0.531428 -0.376037 0.710938 0.495979 0.113339
we 0.112358 -0.722709 0.720098 0.187483 0.420188
deemed -0.231752 -0.810545 0.891208 -0.0100109 0.430037
inadvisable -0.224753 -0.236234 0.0454058 0.381781 0.801523
attend -0.231044 0.98165 1.48638 0.545863 -0.663207
meeting 0.76446 0.0236045 1.08551 0.999729 -1.3127
so 0.208656 -0.804385 0.784053 0.103662 0.291322
informed 0.243781 -0.123056 0.64645 0.376646 0.187349
COJO -0.770224 -1.50085 -0.285609 2.18397 -0.350389
minister -0.147281 -0.0110396 1.22745 0.572841 -0.190499
suggested -1.44091 0.961984 0.855779 0.79248 1.09554
greater -1.23473 0.967469 1.38836 0.611615 -0.504133
building -0.255478 -0.264561 0.387686 0.33717 0.91643
program 0.251568 -0.474822 0.822806 0.368354 -0.154878
might -0.214462 0.309222 0.709186 0.795427 -0.158724
lead 0.359164 -0.158087 -0.12055 0.276745 -0.12357
inflationary 0.800188 -0.775659 -0.107222 -0.137378 -1.05511
pressure 0.554942 0.321786 0.704364 0.729498 0.717315
disagree 0.0525203 -0.0774859 0.16246 0.200193 0.636131
argument 1.03691 0.319633 0.522927 0.995178 -0.0815668
advanced 0.492711 -0.271937 0.119593 1.59799 -0.52425
by 0.0163562 -0.0913519 0.615923 0.564548 -0.152008
lot 0.288982 0.80962 0.812378 1.09678 0.849684
be 0.0305594 -0.617461 0.576387 0.405542 0.10748
said -0.402359 -0.209078 0.577296 0.968771 0.271541
sides -0.126753 -0.156922 -0.284654 0.52716 -0.729925
indicated 0.896972 -0.0936332 0.973083 0.569515 1.07019
Leader -0.169472 -0.534936 0.519837 1.92724 0.828837
Opposition 0.47259 -0.103307 0.764716 1.35399 0.0304226
hope -0.332503 -0.286432 1.04194 0.356623 0.965648
make 0.11426 -0.465961 0.666137 0.608298 0.486229
an 0.207736 -0.315672 0.734182 0.180296 0.387622
announcement -0.375243 -0.581194 1.48602 0.109091 -1.01037
November 0.344346 -0.00663983 0.24575 1.11871 0.507445
does -0.726433 -0.446211 0.334556 0.817857 0.822056
bring 1.04168 -0.439155 0.374292 0.469563 0.604921
anybody -0.0233041 0.257494 0.411094 1.48897 -0.349933
closer 0.534487 -0.353657 0.629325 0.477193 0.592092
rehabilitation -0.0425517 -0.182767 -0.0408261 1.20738 0.725956
isolate -1.1601 0.2198 1.21938 0.310146 -0.0429541
from 0.042252 -0.17518 0.64976 0.506208 0.0864173
public -0.195901 -0.104175 0.980067 0.561692 0.260387
left 0.577881 -0.0674722 -1.01992 1.71133 0.0243367
wife -1.21761 0.527451 0.291725 1.30084 1.14315
family 0.524656 -1.07724 0.593294 0.547112 -0.121484
Chairman -0.225726 -1.72333 1.486 -0.551469 0.227608
sure 0.631002 -0.181867 0.948266 0.389887 1.16048
Verdun -1.09327 -0.921227 0.630986 -0.0089978 0.75193
denigrated 1.01404 -0.367987 0.0466153 1.3145 0.46801
position -0.556293 -0.247622 1.02049 0.153839 0.756199
insurance 0.0146824 -0.527538 1.93399 -0.62535 -0.481936
industry 0.0243999 -0.778953 0.999069 -0.420476 0.409651
turn -0.308711 -0.0072669 0.908017 -0.31196 1.11447
act -0.126512 0.994656 1.18378 -0.774669 -0.367189
airline 0.337646 -0.0625829 0.205321 0.069051 0.445716
? 0.459449 -0.218644 0.546483 0.565536 0.0265832
say 0.53931 -0.79239 0.412759 0.732849 0.959073
you 0.0827794 -0.734679 0.520851 0.529808 0.0255685
: -0.160394 -0.812561 0.396375 0.593641 -0.0212156
people 0.399581 -0.250299 0.787065 0.496667 0.268134
Toronto -0.582238 -0.850866 0.451222 0.753203 -0.00231989
know -0.104403 -0.774891 0.467471 0.855983 0.417879
government -0.195684 -0.462266 0.904254 0.40644 -0.0601449
has 0.190782 -0.515027 0.40461 0.779409 0.233392
answers -0.736533 -1.18407 0.622041 0.0363527 -0.0149731
their 0.32656 -0.365536 0.525415 0.745018 -0.273848
evidence -0.15669 0.0880511 -0.989304 1.31872 -0.84547
state -0.907894 -0.0275955 2.30282 -0.997832 0.643582
each -0.449979 0.519506 0.728996 0.589774 0.728338
stock -0.236707 -0.229201 0.0820731 0.617457 -0.242918
was -0.00137246 -0.14797 0.649622 0.537838 0.163021
taken -0.0910514 -0.131068 0.773144 0.753382 -0.334474
fully -0.0753587 -0.877217 0.425166 0.501791 1.21445
into -0.17016 -0.355436 0.56629 0.354108 0.47821
account -0.323173 -1.06033 0.832767 -0.000736588 0.0151138
thank 2.0567 -1.27746 0.232097 0.689512 -1.23461
very -0.0669104 -0.65945 0.57385 0.428041 0.067935
much 0.310512 -0.904507 0.608534 0.360919 -0.285694
members 0.0485745 -0.64506 0.0309202 1.37446 0.173751
allowing -0.451696 -0.479278 0.278071 1.27467 -0.0810702
me 0.132929 -0.366805 0.44757 0.686978 0.25194
privilege 1.27519 1.09027 1.08969 0.246076 0.182966
continue 1.06694 -0.0026261 0.672001 0.909892 -0.114884
urge 0.517751 -0.447482 0.915884 -0.542331 -0.867248
intensive -1.23247 -0.338458 0.663183 0.433426 0.596641
study -1.58563 -0.817842 0.704501 1.07746 -0.561308
little 0.668459 0.57245 0.770389 0.561516 -0.0584397
about 0.335956 0.166038 0.720142 0.622158 0.0547661
reasons -0.0764921 -0.832885 1.2322 -0.557189 0.7982
criminals 0.70172 -0.461094 0.0895091 0.766259 1.01167
must -0.162549 -0.500235 0.852297 0.36442 0.247611
assist -0.740912 1.36436 0.754081 0.719424 -0.759772
its 0.367441 -0.588609 0.370263 0.494416 0.328375
own -0.222385 -1.05302 0.240544 0.235987 0.68576
employees -0.368585 -0.360517 0.733715 -0.584487 0.914062
may -0.163207 -0.71734 0.181961 0.509845 0.130537
need -0.0518347 -1.03903 0.385764 0.41542 0.254514
language -0.105174 -0.910294 0.4604 0.517138 0.0947952
advance 1.23584 -0.158623 0.590792 0.384559 0.29672
careers 0.81497 -0.292919 -0.769289 0.373489 1.41525
do -0.202633 -0.80197 0.406232 0.821033 0.836488
any 0.284583 -0.332276 0.677508 0.539475 -0.191588
qualms -0.237288 0.0889961 1.48692 -1.052 0.338845
type -0.595703 -1.48998 0.630203 1.346 -1.41546
use -0.832549 -0.679404 0.983321 -0.0128776 0.636858
motion 0.447063 -0.0736285 0.53345 0.974672 0.368337
agreed 1.12388 -0.86403 1.78399 -0.279334 -0.779348
decision -1.06053 -0.376941 0.262734 1.44091 0.820828
been -0.130395 -0.636788 0.72492 0.403777 0.188095
reached -0.803746 0.318289 0.374423 -0.620117 2.25718
yet -0.479474 0.42668 1.05035 0.704273 0.217133
but -0.402293 -0.412506 0.762329 0.315985 0.389617
think 0.483116 -0.879976 0.610916 0.537586 1.02052
matter 0.60942 -0.298448 0.940988 0.661672 -0.021989
trade -1.11994 0.395124 0.369397 0.824723 0.653933
relations -0.314306 0.510073 -0.157118 0.544022 1.61079
European 0.909774 -0.224816 0.573956 0.390995 -1.72126
counterparts 0.401368 -0.683837 0.34311 0.643893 -0.407282
seriously 0.806472 -0.375263 -1.33793 1.03975 0.64406
considered 0.349056 -1.17628 -1.78503 0.556284 -0.367284
what 0.474632 -0.572581 0.805914 0.448153 0.120521
concerned 0.904646 -1.56226 -0.346188 0.632076 -0.740229
country -0.00653993 -0.467711 1.08007 0.51156 -0.416812
situation -0.518508 -0.463594 1.24512 0.378625 -0.210319
when 0.0780002 -0.591812 0.565954 0.48521 0.410523
animals 0.345217 -0.388706 -0.352262 1.33808 -0.926675
are 0.153707 -0.419502 0.522646 0.474689 0.287719
shipped -1.03346 -1.47991 0.253996 1.08464 -0.134306
out 0.635879 0.0165738 1.02701 0.390452 -0.00126743
Canada 0.397173 -0.535668 0.737369 0.649541 -0.0864169
purpose 0.417168 0.737051 0.866152 1.39785 -0.631985
they -0.299651 -0.58233 0.553388 0.481455 0.806815
already -0.658479 -2.32967 -0.421631 0.881744 0.485771
given -0.258006 -0.166289 0.830296 0.512037 0.47628
indication -1.22649 -0.102558 0.284955 0.425656 0.579967
branches 0.877931 0.726748 -0.444409 1.28645 -0.647128
intend 0.275254 -0.331067 0.16127 1.15842 1.37488
close 0.521022 -0.554981 0.986399 0.0461914 -0.709933
watched -0.37254 0.482689 -0.10026 0.409086 0.0725643
while -0.313816 -0.202645 0.621447 0.609267 0.459011
half -0.514982 -0.60861 0.786038 0.0472415 0.216176
proceeds 0.255106 0.934084 1.55441 -0.353129 0.471337
profits 0.640829 -1.54113 0.800688 0.851458 -1.00061
Canadian -0.135258 0.0249395 0.592306 0.891162 0.213451
agriculture 0.130312 0.619202 0.232992 -1.17493 1.54992
were 0.0892212 -0.165149 0.806986 0.301167 0.0688054
swept 0.565052 -1.40617 -0.113805 -0.706166 0.910283
away 1.08533 -0.630574 -0.178654 -0.513794 -0.182532
budget -0.477037 0.447541 0.626192 0.551396 0.140403
speech 1.33781 -0.552978 0.306751 1.04074 0.820823
absolutely 0.979308 -0.356468 0.580329 0.549558 -0.438646
none -0.0748406 -0.114636 0.524004 -0.729939 0.593655
analysing -1.30033 0.753253 1.285 0.443897 1.18173
report -0.090038 -0.389626 0.517584 1.14867 0.0659161
now -0.114592 -0.575515 0.823774 0.331338 0.573291
information 0.342645 -0.149221 1.11897 0.731329 -0.750522
House 0.646869 0.0874445 0.937633 0.966778 -0.228788
near -0.656083 0.223926 0.436785 1.14504 0.634378
future -0.519177 -0.916281 -0.00853218 -0.304275 -0.0458803
therefore -0.043565 -0.726533 0.410441 0.718995 0.104602
move 0.470125 -0.521158 0.514454 -0.933759 0.554036
seconded 0.308937 -0.406109 -0.833486 0.254173 -0.864591
Dartmouth -1.13776 0.109818 -0.992796 -0.0712443 1.54403
Halifax -0.684586 -0.727691 0.954261 -0.611815 -0.881775
East -0.196983 -0.525675 -0.394213 0.117765 -0.694427
( 0.157733 -1.10092 -0.0795419 1.01264 -0.190931
Forrestall 0.323255 -0.889746 0.611611 -0.608847 -0.718314
) 0.641738 -0.463079 0.534149 0.163027 0.362338
realize -0.144065 -0.999995 -0.266382 0.395072 1.50297
extent -0.431159 -0.500667 0.916377 1.00298 0.444644
ravages -0.888281 1.62684 0.513185 0.217454 0.731455
caused -0.0258904 -0.699988 0.725187 0.77502 -0.763979
organized -0.742216 0.41284 -0.274168 0.147933 0.265962
crime 1.53601 -0.372218 1.32111 0.386358 -1.05011
consider -0.0602955 -0.666388 1.3678 -0.321197 -0.0748482
deep 1.38641 -0.149716 0.460692 0.989797 -0.576804
rooted -1.68953 -0.81194 -0.156851 1.30631 -0.100773
solutions -0.14326 -1.07625 -0.294723 -0.400063 0.166574
how 0.232892 -0.35982 0.582925 0.450785 -0.00195004
popularity -0.124025 0.589656 1.38749 0.421175 0.966958
soared -0.762696 -0.934092 -0.139495 0.273627 -0.0503367
coasted 0.596436 1.26003 0.524508 0.941261 -0.543902
through -0.1235 -0.172003 0.875872 0.613325 -0.541351
A -0.2399 -0.538223 0.677473 -0.693954 0.758219
committee 0.581557 -0.855013 0.300773 0.451247 0.343761
bound 0.450372 -0.0431189 1.51455 0.82415 -0.751925
at 0.252906 -0.197484 0.744067 0.511277 0.175524
liberty 1.01213 -0.373643 -2.11032 -0.559071 0.505858
depart 0.560381 -1.06202 0.556839 0.0820073 1.65247
reference 1.78228 -1.25714 0.378539 1.55008 -0.217381
other 0.504387 -0.20528 0.908196 0.479248 0.12774
feel 0.868616 -0.486466 0.515724 0.45571 1.46987
general 0.376594 -0.66482 0.651241 0.589495 0.0732989
debate 0.312905 -0.432392 0.85751 0.801448 0.0838487
December 0.15191 -0.559542 -0.028259 0.192167 0.657397
British -0.280369 -0.74419 1.15405 0.139933 -0.858364
Columbia 0.218348 -0.304361 0.916951 0.626173 0.462233
withdrawing 0.570821 -0.338131 -0.308748 0.258577 -1.04776
CEMA -0.072723 0.401506 1.10159 -0.0957466 1.79019
also 0.442712 -0.513374 0.640517 0.583011 0.225075
rise 0.47095 0.0492426 1.09914 0.524722 0.348687
considerable 0.0707758 -0.245198 0.0293352 1.2534 0.383459
opposition -0.284606 -0.900739 0.567084 0.92629 -0.205764
all 0.164569 -0.178249 0.770199 0.458355 0.180509
parties 0.789119 1.20797 1.62712 0.955691 -0.797534
side -0.786773 0.433482 2.02429 -0.199324 1.1881
those 0.306617 -0.744126 0.357223 0.642608 0.309754
lines 0.0339687 0.383057 0.753904 0.573611 1.11049
time 0.663328 -0.685544 0.846414 0.615105 -0.157936
allowed -0.0562373 0.025898 0.676403 1.10641 0.0557601
two 0.484808 -0.625143 0.592631 0.383419 0.0434069
supplementaries 1.20024 0.17016 1.00873 0.325074 0.532568
fairness -0.313536 -0.569788 1.98159 -0.913742 0.0291194
go 0.24158 -0.664926 0.797015 0.351214 0.152051
good 0.268923 -0.894698 0.329185 0.944486 0.56838
handling -0.00798183 -0.136892 0.666054 -1.34808 0.059817
routine 0.250017 -1.57485 0.108089 1.15107 -1.07075
applications 0.405488 0.027734 0.593448 0.690618 -0.00525014
changes 0.252296 -0.423407 -0.877285 1.19345 -0.4217
facilities 0.38365 -1.70948 0.1698 -0.0822016 -0.133134
along 0.337837 -0.435147 0.0746225 1.26166 0.481119
pipeline -0.86097 0.319835 0.672067 1.29273 0.361428
example 0.292102 -1.18392 0.769641 0.692052 0.326805
too 0.0529364 -0.852334 0.502776 0.600803 0.294097
long 0.578203 -1.08871 0.0359101 1.41345 -0.0515915
responsible 0.238273 0.267673 0.803481 0.840961 0.819386
science -0.478115 -1.68958 -0.851075 0.0714466 -0.459248
technology 0.900268 0.0981488 0.0347446 -1.30114 -0.863872
federal -0.211369 -0.0749243 0.622648 0.874297 0.316838
carpenters -0.619589 -0.754286 -0.37315 0.0526196 0.0707219
get -0.487232 -0.118148 0.826543 0.497452 0.420729
$ -0.258866 -0.194485 0.776043 0.259858 0.15865
6.42 -1.01551 -0.818995 0.247431 -0.856821 1.02119
5.23 -0.871654 0.16998 0.617244 0.505417 -0.166933
Moncton -0.966377 -1.22206 0.550351 0.852329 -0.722984
record -0.0139143 0.463656 1.33127 0.299156 -0.110239
press 1.40337 -1.33822 0.134834 0.577425 1.26874
release -0.998316 0.0470229 -0.376194 1.16289 0.361966
which -0.148049 -0.44467 0.873024 0.250622 0.310259
followed -0.163595 -1.39057 1.1278 -1.0356 0.883313
provincial 0.446004 -0.58886 0.637012 0.468516 -0.292466
conference -0.527792 0.0317587 0.532503 -0.836867 0.894599
attorneys -1.89033 0.250745 1.05747 0.413374 -0.353161
October -0.805625 -0.593081 0.500899 0.992215 1.07321
1975 -1.24177 -0.455844 0.54998 0.0170794 -0.324203
railroad 0.564049 -0.196148 1.96498 -0.461805 0.326827
term -1.24519 -1.15428 0.541065 1.09663 -0.812729
« -0.829505 0.19327 0.544171 0.495519 0.0409798
demand 0.699682 1.20458 1.14727 0.618499 -1.1353
loading -0.807875 -0.629248 -0.304635 -0.817354 0.380882
» 0.42987 -0.06956 0.88497 0.482716 -0.00627544
come -0.040091 0.191199 0.788845 0.905932 0.55938
cost -0.872997 -0.343233 0.699581 1.36649 -0.67822
boats 0.980683 -0.895531 0.0656786 0.59003 0.225895
days -0.563132 -1.14517 0.445065 -0.192935 0.0956096
most 0.693196 -0.192559 0.736791 0.830173 -0.0688396
provinces -0.558901 -0.506139 0.914382 0.599726 -0.343403
noise 0.0190299 0.284715 0.896441 0.277144 0.235008
regulations 0.223089 -0.696632 0.237753 1.16255 0.0354849
implemented -0.271702 -0.692515 1.42323 -0.489009 0.446298
main 0.739039 0.261625 1.36843 -0.306332 0.135908
principle -0.36538 0.177658 1.32504 0.725738 0.429678
follows 0.888248 0.785452 1.39858 -0.134335 -1.61414
after -1.49532 -0.567417 0.805646 0.0432341 0.822499
energy -0.0828086 0.25015 -0.949121 0.452848 -0.0705034
used -0.554532 -0.184348 0.154234 1.56188 0.62625
throughout -0.714678 -1.40452 -1.1712 1.22832 1.01482
nation -0.477556 -0.948643 1.51353 -0.245698 0.241344
well 0.659864 -0.8206 0.575343 0.556161 0.205548
approach 1.0543 -0.657084 0.199615 -0.191217 1.07071
using 0.299611 0.728552 0.59399 0.615566 0.971902
incentive -0.0552521 1.55676 1.1583 0.440598 -0.357315
referred 0.520091 -0.96365 0.159812 1.17714 0.921108
6 -0.359745 -0.0978878 -0.290355 -1.01035 -1.23558
glad -1.0884 -0.646675 1.00928 0.457196 0.0813502
work 0.382847 -0.378145 0.554738 0.881356 0.29261
productive -2.03729 0.786674 1.41702 0.562172 -0.585928
prospective -0.391989 1.02397 0.284661 0.420873 -0.122319
basis 0.492289 -0.735105 0.88756 0.397834 0.786792
take 0.23061 -0.0218445 0.95399 0.41572 0.464525
action -0.586457 0.78474 0.429912 0.740456 0.723179
clear 0.86783 -0.00996379 0.590322 1.00622 0.0234334
difficulties -0.354451 0.384083 -0.393731 -0.524904 -0.0727426
because -0.00802351 -0.409564 0.885868 0.331183 -0.28048
absolute -0.546335 0.0989742 -0.309788 1.87512 -1.54579
placing 0.368586 -0.0113045 0.457418 1.03379 -1.40006
orders 0.0199702 0.606528 1.23061 1.5461 0.362765
months 0.298589 -0.904567 0.413204 0.889497 -0.300333
spur -2.07036 -0.394596 0.16541 1.7491 0.148134
construction -0.341579 -0.757254 0.403407 1.54833 0.496244
new 0.229331 -0.560504 0.167431 0.937397 -0.543223
fishing 0.547432 -1.67585 -0.466641 0.727849 0.875637
cause -0.916082 -0.68969 0.486782 0.967958 0.00455358
processing -0.184219 -1.12355 0.916865 -0.670572 0.149452
built -0.371302 -0.573558 0.709382 -0.16349 0.873706
things 0.036366 -0.820767 0.546631 0.341587 0.916602
Bill 0.221013 -0.266451 0.805151 0.801069 0.189418
C -0.346709 0.366786 -0.586926 -1.29102 -0.0673349
19 -0.726375 0.476612 -0.496884 0.643089 -0.151304
going 0.263563 -0.604824 0.611169 0.461307 0.780408
something -0.311723 -0.504139 1.13121 0.105665 0.814969
bit -2.08236 -0.272634 0.197993 0.819055 0.637507
later -0.0757399 0.823806 -0.5018 1.29786 -0.41769
essential -0.212709 -0.508103 0.728428 0.197309 0.631557
kind -0.781299 0.574759 0.894688 0.944025 1.05365
having 1.00984 -0.52212 0.701529 0.651078 -0.508549
afternoon 0.194716 -1.08043 0.413968 0.964272 -0.299002
companies -1.09469 -0.75084 1.69791 -0.659265 0.027527
find 0.120566 -0.797527 0.554196 0.351363 0.472709
rules 0.211438 0.0730109 1.347 0.0616569 -0.0723361
complicated -0.149877 -0.868384 -0.125103 -0.183416 0.600501
cumbersome -1.48571 0.197822 -0.7994 -0.600858 0.702287
changing -0.115993 0.678191 0.779926 0.968424 -0.640306
charge 0.0990342 0.488937 1.15681 0.873196 0.0120466
Wheat -0.571606 0.305924 -0.785826 1.20333 0.672451
Board 0.127097 0.830634 0.0108034 -0.0316359 0.247924
understand 0.406195 -0.550305 1.11751 -0.437525 1.3842
rate 0.374498 -0.825158 0.824487 0.302161 0.746161
least 0.694226 -0.766671 0.409428 0.661597 -0.0136064
70 -0.348759 0.016496 0.356888 0.51877 -0.0972084
per 1.04342 0.205734 0.62768 0.736421 -0.0584649
cent -0.690396 0.0862638 0.64458 0.957362 -0.398724
annum 0.945427 -0.0294724 -0.40402 0.721523 -0.611434
being 0.411245 -0.239995 0.791059 0.390384 0.254672
contemplated 0.971281 -1.18235 -0.23454 -1.20279 0.896037
week -0.310782 -1.38969 0.170509 0.801086 -0.364729
accept -0.347665 -0.377523 1.02773 0.401267 -0.445377
your 0.537439 -0.0590695 1.34834 0.0751659 -0.548325
fought -0.102178 0.0509754 0.201222 -0.519311 -1.66781
election -0.462578 -0.125191 0.971511 0.495666 -0.101116
12 0.117435 -0.964108 0.387397 0.743713 0.802826
cruel -0.00324629 0.293874 0.403712 1.26781 -0.316558
hoax 0.827545 0.454235 1.24627 0.162501 -0.407577
try -0.426747 -1.13416 0.942008 -0.276051 0.716725
stick 0.39688 -1.40184 0.694144 -0.143008 0.0477431
suggestion -0.424474 -0.968506 1.21959 1.29302 -0.446257
98,355 2.00967 -0.0689042 -0.22553 -0.814646 2.11089
b 0.556628 -1.20404 -0.285259 0.697823 0.559295
They -0.44591 -0.162423 0.323516 -2.40437 0.154721
distributed 1.36626 -0.114045 0.208021 -0.653085 -0.615455
major -0.0270393 -0.248233 0.869267 0.668982 -0.336947
post 0.60274 0.354767 0.237481 -1.1658 1.03722
offices -0.603025 -0.397277 0.208143 -0.393594 -1.1948
across -0.98162 0.778222 0.671341 1.21727 0.0948975
problem -0.465617 -0.605144 0.833067 0.597412 0.212129
according -0.851048 -0.253818 0.867336 0.426319 0.403204
constitution -0.052 0.48403 0.477937 0.959021 -0.668319
law 0.92854 0.678468 0.119637 1.44655 0.224114
enforcement 0.246335 2.0089 1.20773 1.12788 -0.722096
local 0.127741 0.330593 -1.36069 -0.0117275 0.0325183
responsibility 1.20754 -1.10181 0.74752 0.00520045 0.707618
submit -0.573129 1.11333 -0.866441 1.39468 -0.522721
pertinent 1.80415 0.0918244 0.701663 -1.26203 1.58333
bill -0.151489 -1.18173 1.27851 0.441735 -0.323616
moneys -2.09335 -0.156742 -0.183768 0.601678 -0.0480661
spent -0.587988 -1.08625 1.34042 -0.49834 0.0443441
medicare -0.456651 -0.283041 0.959194 0.20233 -0.103077
manner -0.610678 -1.47537 0.632648 -0.159905 0.0470464
few -1.56597 -1.44611 1.68389 -0.709233 -0.735046
words 0.397962 -1.17825 1.4913 0.0741383 -0.672442
disease 0.0150223 0.369601 0.668703 -0.252208 -0.242683
help -1.27475 -0.0551454 0.880319 0.377068 -0.0445069
put 0.0290554 0.0862672 1.01381 0.485646 0.496984
perspective 0.697972 -0.181762 0.361937 0.00243075 -0.930028
fortunately 0.0182877 -0.278606 0.0331462 -0.646023 1.35026
fewer -0.244557 -0.34353 0.0938684 0.536054 -0.435534
year 0.779885 -0.658903 1.202 0.453302 -1.17883
reasonable -0.287944 -0.829881 1.33703 0.327591 -1.53889
conciliatory -1.03433 -0.261029 1.21902 0.494581 0.550031
before 0.229372 -0.328401 0.642223 0.603694 0.268632
retired 0.0316004 0.65865 0.741734 1.23788 -0.648275
30 -0.0609264 -0.875018 0.88115 -1.27639 0.717568
following -0.0408161 -0.518208 0.654015 0.466551 0.398504
completion -0.497895 0.0607265 0.160442 -0.11719 0.223937
34 -0.52233 -0.69508 1.24908 0.100308 -1.34104
service 1.09894 0.450011 1.12554 -0.143237 -0.129631
passage -0.350959 -1.29291 1.00565 -0.882137 0.895779
's 0.26651 -0.316925 0.491585 0.653452 0.386069
mean -0.70859 -1.15836 0.168585 0.598445 0.669022
content 0.872232 -1.11494 0.133275 -0.316632 -0.0669717
requirements -1.02509 -0.369821 0.645904 0.878437 -0.0511394
spelled 0.159293 0.175697 0.848114 0.296647 -1.56361
statute 0.128959 -0.0661628 1.42521 0.485738 -1.76827
them 0.238514 -0.805452 0.364352 0.976472 -0.00611739
necessarily -0.984662 -0.856802 -0.115651 0.884351 0.697175
indicate 0.103727 -0.310416 -0.584852 -1.02042 0.518594
non 0.0369146 -0.683912 -1.18985 -1.7322 1.01265
compliance -0.429575 0.843276 0.934951 0.286834 -1.3115
part -0.191594 0.356388 0.763461 1.38267 -0.303404
asking 0.27593 -0.554504 0.0459171 1.05041 -0.864548
detailed 0.427003 -1.52782 -0.641676 -0.0229593 -0.126773
explanation -1.39175 -0.684287 1.61594 0.865339 1.22305
doing -0.104565 -1.13873 0.0788925 1.12061 0.951516
asked -1.80994 -1.15483 0.400199 1.07827 0.0761218
hand -0.869317 -0.585221 0.587615 1.47948 1.47164
answered 1.0138 1.18082 0.331696 -0.558796 -0.558858
result 0.508581 -0.10757 1.13142 0.747403 -0.211765
perhaps -0.361548 -0.833121 1.16034 0.129315 -0.193123
different 0.593442 -0.418567 0.389096 0.15866 2.55048
legislation -0.0596242 -0.676508 0.477371 0.682457 0.492011
lay -1.13792 -1.00952 0.589716 0.366116 -0.256568
open 0.196286 0.374795 0.880646 0.812289 -0.281548
censorship -1.55336 -0.176921 0.707253 -0.713111 0.674426
either -0.545714 0.645182 0.0303873 -1.56045 -0.136279
job -1.49253 -0.751973 -0.533828 0.750935 -0.344915
properly -0.113258 -0.325972 0.439296 1.13229 0.529684
or -0.0961592 -0.441429 0.756829 0.426345 -0.116943
power 0.179415 0.264746 1.00414 0.557849 0.377788
capital -0.137299 -0.619434 0.245606 0.604259 -0.170138
strains 1.2246 0.218528 1.48435 -0.165024 -0.669099
divergencies -0.848303 -0.692722 1.11457 -0.364291 0.00121113
John 0.314222 -0.276973 0.261128 1.00052 -0.463903
N -0.674132 -0.422459 -0.443431 -0.364796 0.144409
Turner 1.67469 0.858544 0.217588 1.5677 0.845302
Finance -0.511176 0.437576 0.427404 0.0116514 0.958734
moved 1.29584 -0.200189 -0.656665 0.243812 -0.578258
hate 0.717626 -1.21847 0.227489 1.95612 -0.181855
admit 0.186213 -1.36534 0.679383 1.45839 -0.644886
brought -0.873992 -1.24432 -0.234359 0.568109 -0.556948
Liberal 0.190012 -0.463533 0.970581 0.384123 -0.149713
governments -0.811035 0.297581 0.191453 1.14845 -0.335856
-- 0.175283 -0.611537 0.730107 -0.390481 0.270855
neighbouring -1.39985 -0.78393 0.248959 1.68509 1.44845
riding 0.93466 -0.567235 0.28114 0.927328 0.580902
aware 0.0363855 0.805526 0.548131 1.27481 0.121476
persistence 0.229503 -0.0273504 -0.421862 0.980993 0.407306
hard -0.0828383 -0.417514 -0.135889 0.663623 0.0581089
where -0.209372 -0.940752 0.681864 0.469464 -0.724516
AIB -0.813393 0.30519 0.247864 0.701307 -0.130126
moment 1.12591 -1.21746 0.413541 1.24699 0.204868
fact 0.275787 -0.384982 0.997633 0.578509 0.757665
unfortunately -1.8764 -1.09791 0.805059 0.582911 -0.0127803
seen -1.20264 0.0832171 1.74731 -0.00584064 0.712949
thirds 0.607099 0.206766 1.5043 -0.319783 0.81028
opportunity -0.0352051 -0.534135 0.938549 0.101293 0.781879
barrier 0.269446 0.841762 1.077 0.98626 -0.831056
force 0.952961 -0.630789 1.03943 0.366083 -0.536322
moratorium -0.731222 -0.719274 0.85858 -0.0876174 0.310006
throats -1.23714 -0.837495 -0.278921 0.568084 0.137218
first -0.397432 -0.368461 1.15002 0.350698 0.0878004
parliament 0.386865 -0.816623 0.164644 0.422288 -0.502075
same -0.784665 -0.460812 1.02408 0.538094 0.22164
recommendation 1.01042 0.723015 0.683103 0.94244 1.03278
made -0.0282663 0.489779 0.884865 0.863462 0.519981
Standing 1.11235 0.843816 0.999286 0.973714 -0.015033
Committee 0.00277363 1.05505 0.839587 1.14601 -0.158797
Privileges 0.549715 0.840152 0.08042 0.201382 -0.466207
Elections -0.520029 0.479348 -0.387612 1.27304 0.466183
April -0.685777 -0.0865732 0.938324 0.370769 0.14201
29 -0.210672 -0.357845 0.526261 0.54252 -0.0773331
last 0.00132025 -0.632845 0.743238 0.280781 0.271263
afraid -0.385562 0.844337 -0.930721 -0.19865 -1.86742
ill -0.00132601 -0.387837 0.895428 -0.707264 0.305007
MOT 0.15733 -0.146225 -0.95212 -0.357739 0.0311563
accident -0.229609 -0.436066 0.172923 -0.644918 0.1429
stated 0.318482 -1.43457 1.25649 -0.421439 -0.0913071
offer -0.0147023 -0.562156 1.1411 0.605374 -0.0900157
100 -0.941085 -0.379041 0.586202 -0.535573 0.355087
million 0.301757 -0.319109 1.24319 -0.426426 -0.121667
samples 0.795635 0.796445 0.552193 0.920335 0.0308957
size 1.69347 0.555916 1.50321 0.624072 0.980648
group -0.205648 -0.0517426 1.09265 0.442098 0.783954
over 0.578432 -0.284986 0.660242 0.574914 0.0358091
500 0.627584 0.583969 0.129549 0.216136 1.36448
called -0.0264157 -0.103759 1.14034 0.11515 0.497918
negligible -0.63579 -1.27282 -0.0342063 -0.0751629 -1.21329
traditional -0.187949 -0.510093 -0.0204279 0.838804 1.16882
procedure -0.54286 -1.47725 0.848515 -0.351318 -0.482016
seeking -0.399779 -0.508868 0.0315004 -0.237682 -1.0837
borrowing -0.370627 0.234374 0.469392 1.31866 0.243027
powers 0.180072 0.623455 1.22772 0.120707 0.798794
attach -0.197938 -0.178085 0.888964 0.308173 -0.807149
clause 1.91073 -1.82051 0.0957393 -0.174326 0.0373683
supply 0.0127305 -0.71407 0.399745 0.797338 -0.468588
bills -0.625848 -0.973748 -0.732826 1.27601 0.12755
strikes 0.814818 -2.1923 0.406691 -0.522871 -0.776511
roots -0.288181 -0.685889 -0.325976 0.252633 0.0252552
democracy 0.130009 0.209171 0.38515 0.323088 -0.806144
relieve 0.170407 -0.230366 0.956784 -0.120291 -1.20517
oil -0.106967 -0.373812 0.716614 0.638078 -0.381629
Special -1.37256 0.795494 -0.0493176 -0.203872 -0.323939
Investigation 0.350625 0.4121 0.166935 1.32511 -1.24966
Division 0.162613 0.412308 -0.421712 0.182335 -0.24215
existence 1.00135 -1.54258 -1.38642 -0.244045 -1.18626
since -0.214699 -0.312064 0.676101 0.287647 -0.0844215
early -0.20213 -0.681215 -0.407715 0.414321 0.828989
moreover 1.99079 -1.33885 0.333073 -0.196517 -0.0320351
saying 0.991635 -0.865578 0.781446 0.267998 0.0924279
whether -0.0711721 1.23916 1.5299 0.541432 0.25046
against 0.641138 0.788895 -0.885245 1.94562 -0.167931
sort 0.596985 -1.02218 0.30673 0.909044 0.315252
assistance 0.28043 -0.508088 0.32248 1.05896 0.772784
adoptive -1.94399 -0.202891 1.16495 1.01572 0.661638
parents -0.826246 -1.03995 0.532446 0.0998443 0.439272
see 0.155704 -0.289198 0.807393 0.555391 0.793723
documents 0.744684 -0.705316 -0.343571 1.95391 -0.132069
canada 0.143491 0.379521 1.25925 -0.0201082 0.67698
continued 1.35364 0.509423 1.73362 -0.209861 1.00392
give 0.413462 0.328487 2.5035 -1.07755 -0.365932
support 0.451499 -1.38511 0.597723 0.526013 0.0274991
NATO 0.291207 0.139273 0.696447 -0.370043 -0.0961545
alliance -1.34484 0.366493 0.0968799 -0.823965 1.57234
indispensable 0.030915 0.348673 -0.597051 -0.107069 -0.0849106
deterrent 0.666143 0.181852 0.591455 0.0245176 0.4483
assurance 0.706123 0.42461 0.340483 0.60853 -0.399902
security -0.888645 -0.196032 0.385427 1.05115 -2.07106
believe -0.0756353 -1.56489 0.301641 0.938305 0.856549
such 0.431286 -0.249457 0.838496 0.367581 -0.110209
ban -0.927597 1.16232 1.29137 0.998425 -1.28648
1978 0.502765 -0.587412 -0.585455 0.773836 -0.538594
naturally -0.414389 0.284874 0.935054 1.24552 0.589587
attempts 1.05933 -0.433883 -0.111957 -0.143288 0.478427
best 0.74122 -0.314638 0.602082 0.983754 -1.09184
possible 2.06657 1.02356 1.42303 1.0756 -2.12659
deal -0.743945 -0.763307 0.835668 0.918062 -0.768424
series 0.265823 -0.56064 1.09883 0.918333 -0.986565
negotiations 0.756554 -1.49277 -0.286861 -0.517861 -0.431034
add 0.566444 -0.0817138 0.711164 -0.422048 0.743386
if 0.319619 -0.797119 0.742658 0.173593 0.398896
want -0.121583 -0.746257 0.405975 0.621892 1.18222
statistics 0.156963 0.339088 0.211357 -0.0235602 0.365536
stands 0.0913149 -0.0316186 1.40208 -0.193205 -0.999839
certainly 0.375202 -0.374141 1.33278 -0.0668769 0.688023
Prime 0.40964 -0.134459 0.591651 0.985042 0.473564
looked 0.95026 -0.855575 -0.248945 1.55791 1.41377
implications 0.757824 2.08426 1.47414 0.57834 1.03008
idea -0.211412 0.0381565 -1.37861 0.112585 0.056278
quote -0.402149 -0.474241 0.67785 -1.48219 -0.106734
Timmins 0.804421 -0.036296 0.31569 -0.280735 -1.10683
newspaper 0.775004 0.124207 -0.213519 0.452955 -0.798307
maybe 0.224732 1.56685 1.38839 0.0295786 0.455565
relates 0.577505 -0.618266 0.133711 1.04855 -0.0832049
indeed -0.153455 -1.48821 1.38128 -0.751868 0.594473
final -2.18499 -0.355265 1.0915 0.180224 0.481425
Prairie 0.409096 0.321103 -0.0835994 0.789097 0.39596
Rail 0.136579 0.605162 0.226746 0.817031 -0.18855
Action 0.628258 -0.276302 0.80192 0.0783836 1.13225
ii 0.125271 0.19339 0.194792 0.03559 -0.0796758
Three -2.26706 -1.28159 -0.42485 0.260299 0.664157
vehicles 0.306472 -2.14864 1.1248 1.38273 1.0936
six 0.424889 -0.311676 0.371013 1.05547 0.062162
experts 0.562681 0.457416 0.490261 -2.27526 -0.601836
related -0.677317 -0.484591 1.17663 0.112481 -0.30794
provision -0.412748 -1.08726 0.173469 0.890708 0.177148
technical -0.586685 -2.01515 0.417745 0.733889 0.708148
1979 -0.167372 -0.385606 -1.96227 -0.536952 -1.30389
implement -0.11842 -0.910569 0.574896 0.421365 -0.287195
every 0.941515 -0.267857 -0.408421 0.596942 -0.809944
Auditor -0.787384 0.204152 0.88969 0.921459 -0.709274
General 0.26649 -0.251046 0.130668 0.0112276 0.283923
calling 0.670419 0.712818 -0.288843 0.0778857 0.656485
ten 0.356666 -0.0865333 1.04139 0.286227 1.02489
remarks 0.0982313 -1.80234 0.216893 -0.315919 -2.21594
figure -0.20009 -1.02756 -0.0214508 0.292549 -0.825388
available 0.333708 -0.310166 0.618257 0.238748 1.09075
quarrel -0.659575 0.0155425 -0.204828 0.024842 1.04233
divert -0.176498 2.02521 0.629065 0.702037 1.31039
responding 0.745988 -0.791628 1.13177 0.150729 -0.198714
colleague -0.962786 0.632233 0.219042 0.709189 -0.394809
continually 0.193201 0.487465 -1.0934 1.13644 -0.487389
message -0.114897 0.481099 -0.012287 -0.135557 -0.567776
way -0.150515 -0.266817 1.22937 0.710702 -0.850911
crowd -0.632511 -0.880868 0.784279 0.0581718 0.509166
did 0.205217 -0.129816 0.751078 0.53391 0.861272
18 -0.414739 -0.197044 1.22474 1.01298 -0.513478
cents -1.2079 -0.961272 0.367432 0.933516 -0.344207
issue 0.294866 -0.194908 1.35582 0.331628 -0.655092
here -1.04838 0.828027 -0.165336 0.603687 1.28548
pick 0.373177 0.686823 0.585036 0.054052 1.57436
writing -2.15169 -0.812474 1.58317 -0.144718 0.528665
magic 0.282695 -0.0255932 1.21581 -0.216467 1.57165
solution 0.727011 -0.296962 0.868332 0.543192 -0.267939
Americans 0.530281 -0.291692 0.578342 0.49328 -0.572833
divorced 0.762828 0.071802 -0.445236 0.334346 -0.528666
1,122,000 -0.682639 -1.1195 -0.0343171 0.813441 -0.0328104
times 0.52505 1.07018 -0.492715 0.628211 -0.842805
unemployment -0.610574 -0.167003 0.564857 0.584234 1.16116
breaks 1.61241 -0.530538 0.271798 0.283157 0.74088
families 0.517988 -0.729183 0.657388 0.690799 0.145909
contributes -0.296266 1.13255 0.485351 2.01706 -0.211512
excessive 0.472336 -1.3187 -0.913932 0.230572 -0.48596
alcohol -0.486931 -0.485016 0.325666 0.109951 0.518292
drug -0.480267 -0.731412 0.694462 -0.228212 0.421682
official -1.1155 -0.51024 1.46522 -0.0824708 -0.715101
trying -0.142092 0.0594042 1.54904 -0.730973 0.856619
destroy -0.338916 0.120181 1.25429 -0.512601 0.0226024
Petro 0.476083 -1.51102 0.24347 0.396446 0.905019
short 0.133929 -0.387622 0.416759 0.159212 0.318506
office -1.91256 -1.43425 -0.255788 1.57653 0.98319
instead 1.1092 0.640394 0.166585 1.52945 -0.143777
causing 0.0549017 -0.309424 1.44389 -0.574856 -0.0553703
internal 1.4963 0.349265 -0.146911 0.530864 1.07844
schism -0.844698 1.07152 1.41354 0.353365 -0.117874
applauding -0.238788 -1.23897 -0.0248794 0.821638 1.26866
themselves -2.14795 -0.923751 -0.291042 0.566937 -0.269306
voting -0.901116 -0.000513637 -0.414434 1.6217 0.102735
making 1.03944 -0.714973 0.70814 0.137611 0.660327
contributions -0.456297 0.0559609 0.401809 0.694038 0.405898
reminded -0.181514 0.171113 0.624158 0.873704 0.224466
story -0.292634 -0.671838 0.0208597 1.5068 1.18448
madam -0.311655 -1.90632 0.909274 0.244264 0.863268
previous -0.443875 -1.01762 0.633077 -0.860998 -0.34574
speaker -1.35567 0.101443 0.106673 0.880276 0.830217
mentioned -0.0890664 -0.198567 -0.188052 0.0862252 -0.729436
involved -0.755052 0.0456242 0.963065 0.29031 0.121586
preparations 0.226585 1.18092 -0.161851 0.466334 0.50994
meetings 0.348051 -0.531343 0.847848 0.423901 -0.119871
friend 1.25808 -0.570186 -0.99239 0.646375 0.770357
says 0.847128 -0.682016 0.231306 0.687026 0.304565
53 -0.532588 0.0994387 -0.90603 -1.16632 1.07212
estimates -1.20706 1.15101 1.26863 -1.24957 -0.819052
trouble 0.11213 -1.16517 0.348959 0.249898 -0.931298
National -0.688549 0.537491 1.61035 0.00148207 -1.04187
Energy -0.454276 -0.0114233 0.150892 1.52663 -0.314139
Program -1.09807 0.952393 0.634515 1.19163 -0.842745
divisiveness 1.10518 -0.0216751 0.598341 0.820752 0.235544
positive -0.281594 0.327509 0.307171 1.76383 -0.163084
effects 1.10424 -0.793344 0.000990338 -2.12284 1.77163
world 0.595323 0.128407 -0.329458 0.124079 0.57612
wide -0.337224 -0.212069 0.915749 0.566229 0.0263462
inflation -0.0035869 -0.473868 0.662403 0.288019 0.017828
severe -0.825361 -1.08119 -1.06101 -0.927107 -0.0723496
economic -0.19799 -0.729889 0.468081 0.75881 -0.249928
dislocation -0.965476 -0.495216 0.647586 -0.244465 -0.607863
PT7 -0.864702 0.111661 1.45653 -0.448647 0.206277
represents -0.129727 0.544626 0.746227 0.646047 -0.916419
beginning -0.161172 0.501435 1.25141 0.48725 0.345386
engines 0.320449 0.704393 -0.286703 1.25978 0.00812296
range 0.822565 0.04248 0.666975 0.597471 0.0602158
above 0.710691 -0.333473 0.233021 -1.40056 0.384199
highly 0.506527 -1.40984 -0.716523 2.74441 0.472129
successful -1.91964 -0.62452 -2.15612 -0.518901 -0.400979
PT6 -0.179626 0.159152 0.275074 -0.734228 0.909819
engine 0.4294 -0.338821 -0.677822 0.817587 1.09489
welcome 0.560497 -0.288541 0.693483 -1.90971 0.225598
join -0.386099 -0.0964614 0.278011 0.696966 -0.19047
adjournment 0.254057 0.715223 1.81256 -0.0589252 1.33069
competition -0.711251 -0.749293 0.821368 1.05697 0.425149
policy -0.799025 0.433634 -0.246484 -0.917855 1.04232
vital 0.354168 -0.176662 1.32878 -0.713961 0.122665
industrial 0.379667 0.0569568 0.445056 -0.28067 0.312949
strategy 0.654961 -0.605284 -0.255308 -0.153385 -0.605358
plan 0.346942 -0.161177 -0.406077 -1.03866 -0.177068
set -0.156366 -0.273568 0.57351 0.559506 0.439783
plans 0.0856044 -0.800823 0.508861 0.73517 0.644611
developed 0.259872 -1.9687 1.48453 1.65714 -0.0314286
talking -0.55729 -0.431635 -0.492086 0.484851 0.373653
45 1.00276 -0.591098 1.04844 -0.541083 0.0557579
billion 0.787594 -1.01986 -0.109114 1.41826 -0.213338
construct -1.3944 -1.29662 0.68146 0.241775 -0.409937
flaws 1.12113 -2.29215 -0.984796 0.141078 -0.662549
reflected -0.948779 -0.916965 -0.499109 -0.202697 0.0325395
stage 1.08174 -0.0796871 0.977835 0.331181 -0.307088
resolution 0.863569 -1.57106 0.463366 0.460435 -0.120683
three -0.58213 -0.232894 0.373592 0.644403 2.04082
amendments 0.43314 -0.194642 0.871548 0.338597 0.651494
party 1.30534 0.329103 0.286778 0.619675 1.65577
proposes -0.10331 0.493246 1.74218 -0.0873878 0.403961
introduce 0.702118 -0.103471 0.209185 0.937483 0.158704
cannot 0.229998 -0.592546 0.500218 0.7758 0.136272
claim -0.775153 -1.83972 0.441119 0.626146 -0.564481
change 0.26677 0.272785 0.841444 1.04129 0.373713
balance 0.875303 1.55264 0.459205 -0.518363 -0.54292
ways -0.681358 -0.504541 -0.389567 2.37335 0.538273
means 0.848786 -0.209472 0.650384 0.904857 -1.48602
substantial -0.488183 -0.416074 0.609619 0.308297 1.61344
regional -0.547953 -0.427913 -1.4548 0.753705 0.521255
development -0.380729 0.368469 0.856944 0.951831 0.548117
comes 1.11849 1.10927 0.216882 0.634951 -0.863889
under 1.0756 -0.846708 0.785565 -0.386095 0.378456
RIDA 0.285044 -0.869064 0.82022 -0.129225 0.335303
subsidiary 0.969622 1.02322 1.47736 0.466344 -1.72636
units 0.325278 -0.547304 1.22993 0.171862 -0.481429
recovery -1.61003 -0.769735 0.645471 1.25291 0.142963
conservation 0.175479 0.465466 0.671535 0.910669 -0.945852
effect 0.378613 0.169735 1.06657 0.634563 0.599909
steel 1.10275 -0.700346 0.436433 0.783528 0.0745832
mill 0.100453 0.602315 0.503924 0.194518 0.0379449
why -0.450409 -0.75797 1.21264 -0.0523701 0.774378
professionals 0.0317686 -0.593055 0.56702 -0.303286 0.84035
charged -0.21746 0.545633 0.138466 1.42898 -0.120129
progress 0.21119 -0.0043345 1.07374 -0.844858 0.602597
happening 0.0616479 -1.04136 0.702397 0.788547 0.0048088
today 0.0975949 -0.110986 0.419818 0.858987 0.628925
thing -1.45788 -1.5128 -0.607322 -0.132702 0.278004
however 0.156231 -0.933328 1.06167 0.36537 0.559568
payments 0.0341064 -0.634654 0.122811 0.771159 -0.117502
faced -0.141195 -0.242704 0.377051 -0.0207661 -0.280163
designed 0.332714 -0.92902 0.105443 1.18929 0.377094
withdraw -1.01818 1.37547 0.598892 1.44582 -0.638338
programs -0.505746 -0.885899 0.358219 1.2743 -0.829256
introduced 0.474986 -0.752021 0.212819 -1.30821 0.885331
afford -0.457237 -1.03095 0.11779 0.593833 0.468898
had 0.69882 -0.297907 0.728486 0.547542 1.14743
import 1.64846 -0.956086 0.863986 -0.671359 1.2009
25,000 -0.622681 -1.00296 0.12005 0.381431 0.370389
skilled -0.278086 -0.311255 0.36831 -0.161983 0.287708
workers 0.0406479 -0.527711 0.0524177 0.34505 -0.763314
rising 1.02267 -0.777373 0.931519 0.0124296 0.367352
Carter -0.876318 -0.200535 0.369001 -0.903386 -2.18524
back -0.0805552 0.943913 0.806322 0.925174 -0.612306
1960s -0.193587 1.1908 1.83227 -0.369735 0.340296
buck 0.527697 0.305045 1.16226 0.661756 0.619712
taxed 0.537884 -0.582771 0.300998 1.13734 0.0929668
total 0.154599 0.25 0.682688 0.717093 0.559
cut -0.183451 -0.329215 -0.259987 1.58031 0.821256
next 0.68424 0.605704 0.976211 1.12184 0.283504
2,958 0.611442 0.499885 0.644382 0.206444 0.564804
15 0.0724393 -0.871153 1.36189 -0.670252 -0.621639
original -0.173483 -0.100963 0.898246 0.117136 1.79974
20,000 0.376844 -1.4667 0.783897 -0.664625 -0.3697
salary -0.531462 -1.22534 -0.155349 1.42561 -0.701231
heard 0.334715 -0.316927 1.32044 0.324392 -0.526923
news -0.430009 -0.283557 0.887824 1.20222 -1.05487
morning -1.4417 -1.50202 1.52165 0.732359 0.541045
Heath -0.0803544 -1.48954 0.187765 0.196215 0.712687
Steele 1.60427 -0.600003 -0.653216 0.487315 -0.350776
mine 0.375457 -0.984764 -1.08679 -0.120866 0.39184
northern -0.302398 2.08656 0.92083 1.3345 -0.0552375
New -1.45875 -0.935564 1.1033 0.0122751 0.0720382
Brunswick -0.267887 0.468982 -0.469901 -1.49982 -0.352561
closed 0.308858 -1.19231 0.235919 -0.608875 1.08604
ready 0.275081 -1.46017 0.477232 -0.461054 1.28761
follow -0.315933 -0.137565 0.277329 0.629911 1.08887
leadership -0.246272 0.749379 0.853627 0.032654 -0.106429
number -0.341621 0.596525 0.937713 1.15197 0.355044
kinds -1.08147 -0.654837 -0.0481379 1.55403 1.37988
discussions -1.0341 0.472797 -0.318621 0.626912 0.348842
present 1.06356 0.201403 -0.0719525 1.78694 0.51139
momentum -0.0392973 -0.649653 0.310428 0.42446 -0.419979
ideas 0.729901 -0.979185 1.30765 -0.858743 1.81742
activity 1.27326 -0.401768 1.73758 -0.713924 -0.576833
ask 0.58249 -0.611444 0.562543 0.892804 0.0563324
ourselves -0.348012 -1.41046 0.320822 0.381418 0.280275
solved 0.329855 -1.12842 0.597884 0.740142 -0.237028
end -0.572164 0.119851 1.00276 0.71743 0.0262152
note -0.497396 -0.230479 0.479386 0.0869789 0.37316
plain -1.0896 0.567168 0.944539 0.878406 -0.456519
retail -0.822155 -0.164547 0.268945 1.23157 0.000973984
prices 1.11822 0.168429 0.244157 1.32346 0.78353
met 0.894209 -0.46778 -0.427084 0.530931 0.500995
p.m. 1.01898 -1.33114 0.405954 0.0417862 0.00252111
remind 0.470791 -0.739555 -0.00947563 1.36149 -0.480508
respect -0.402654 -0.258279 1.00704 0.312817 0.415629
transmission -1.51658 0.986149 0.346127 -0.0624084 -0.433097
exist 0.279249 -1.05746 -0.677834 0.836698 1.06282
truly 0.284388 0.346862 -0.233943 -0.742964 0.137454
laudable 0.711652 0.0841098 -1.52823 0.361337 -0.769189
goal -0.320242 0.877662 -0.637691 -1.29805 1.53358
agree -0.210914 -1.07578 0.0474579 0.242514 1.87326
supplementary 0.288861 0.409652 0.0127112 -0.431914 -0.914154
tremendous -0.255802 0.0692534 -0.151865 0.777904 2.0602
savings 0.732221 -0.569657 -0.27435 0.315309 0.11147
seems -1.11498 -0.742634 1.31035 0.253202 1.60427
subgovernment -0.925657 -0.0478287 0.495954 0.218819 -0.584743
remove -0.458179 -0.516649 0.416714 0.0811352 0.962227
Commons 1.51554 0.424683 0.64276 0.9287 0.61407
exactly 1.12631 -0.405828 0.705514 0.629199 -0.246998
brief 0.634694 -0.578972 0.505062 0.71722 0.81244
Government 0.315015 0.0492334 0.997477 0.71176 -0.0849642
simply 1.61154 0.155449 0.549346 0.594971 -0.0653951
tells -0.146166 0.282239 0.852985 0.641625 1.30377
seasonally -0.562148 0.273579 0.944271 0.219161 -0.709364
adjusted -0.191942 -0.424979 -0.625507 -1.37872 -0.655669
figures 0.696508 -0.919777 -0.309601 0.225107 -1.80354
show -0.538712 -0.496354 -0.279473 0.603458 0.647118
.5 1.31614 1.46488 0.0311633 -0.423859 -0.436062
drop 0.377513 -0.0854905 -0.825655 2.16307 -0.917324
important -0.600689 -0.862414 1.02654 0.634425 -1.10872
Chair -0.0117585 0.0628706 0.357256 0.582783 -0.535393
really 0.322356 0.873353 0.624446 0.870943 -0.527457
embarrassed 1.41063 1.51134 -0.711756 1.31761 -0.132504
taking -1.12114 0.899051 0.88432 0.512273 0.628623
place 0.469133 -0.586279 0.892478 0.499381 0.0979818
sorry -0.900671 -1.38776 0.726575 0.846171 -0.24445
statement 0.320793 2.29822 1.27076 2.0134 -0.677424
firm -0.246656 -0.457815 -0.086478 0.9057 0.924555
volunteers 0.925441 -0.65926 0.598902 0.312264 -0.791646
women 0.562713 -0.280783 0.629791 0.448223 0.231298
returned 0.449367 -0.157649 1.25183 0.586659 -0.600479
depends -0.0343261 -0.672355 0.48339 1.84172 0.924367
apply -0.265362 -1.11702 0.408585 0.591122 0.843903
Member -0.177943 0.278148 0.695121 1.2434 -0.562234
oppose -0.429254 -0.704839 1.07433 -0.218262 0.890236
allocating 0.113766 -0.287031 0.31514 -0.376899 -0.96948
money 0.228959 0.553442 0.612279 0.541941 0.367888
elderly 0.289416 -0.417326 0.408316 1.94446 -0.797526
role 0.186303 -0.133179 0.857514 0.737282 0.00580567
play 0.474381 0.671741 0.689495 1.0672 0.363479
food -0.926091 -0.940663 1.01663 0.612937 -0.487198
chain -0.512024 -0.0657928 0.563567 1.83376 -0.834879
democratic 1.78271 -1.41632 2.04842 0.0391701 -1.48949
element 0.0922683 -0.619596 0.496285 0.496077 0.541398
constituency 1.36369 -0.0414083 0.470793 0.832825 -0.131844
obscure -0.0901048 -0.551184 1.25719 -0.134794 0.399315
memories 0.369587 -0.0926548 0.60072 0.754185 0.0822488
everyone -0.171783 -0.231554 0.859993 0.593959 -0.278338
stupid 0.131987 0.803267 0.840109 0.0890737 0.0907785
statements 0.626609 -1.32203 1.05016 0.29039 1.2633
ago 0.789823 -0.82174 0.413278 0.772052 -0.724882
Ministry 0.0259666 0.798974 0.813479 0.734599 -0.801606
fill 1.03515 -0.617056 0.112235 1.26704 -0.354622
ravine -0.941997 0.56613 2.04802 -0.398676 0.620993
runway -0.393167 -1.56658 0.545351 -0.209585 1.17849
24L -0.0271229 0.873322 0.259899 1.12607 1.55009
Pearson 0.247476 0.12169 0.195811 -0.0462477 -0.936666
International 0.620542 0.695562 0.475304 1.21372 0.655282
Airport 1.15554 -0.108684 1.44209 0.102767 0.553369
ever 0.231187 -0.0722548 0.220747 -0.63874 -0.623745
response 0.553789 -0.886272 1.84251 1.80489 -0.466826
Sir 0.694889 0.652897 1.21651 1.59189 -0.854492
recommend 0.318894 -0.430512 0.911553 0.0547288 0.987188
guide 0.120052 -0.672503 0.874873 0.449226 -1.23131
Alliance -1.08524 -0.109885 0.676459 -0.0603538 -2.14611
seek -0.225482 0.302119 0.000767155 -0.218111 0.531097
fair 0.359856 -0.195959 0.726387 0.393992 0.841734
verifiable -0.410889 0.130765 1.10128 0.0719987 -0.309076
agreements 0.152555 0.0419899 0.370045 1.26868 1.01905
Soviet -1.17834 -1.14627 -0.989146 1.3219 0.571023
Union 0.04465 0.156966 0.297777 -0.502575 0.45629
guess 1.40329 -1.28746 -0.444905 -0.268921 -0.0144242
answer 0.314055 -0.179353 1.85881 -0.521502 0.218151
automobiles 1.17362 -1.51246 0.455622 -1.07517 0.202348
bringing 0.243864 0.221093 0.718211 0.538139 -0.109368
restrict 0.552487 -0.0143079 0.915853 -0.775065 1.74927
liberties 0.790882 -0.216964 0.675945 -0.564887 -0.384647
Hon. 0.118136 -0.173697 0.717475 1.37601 -0.895379
Bow 0.507633 0.0736265 0.342102 -0.540281 -0.200129
River 1.27138 0.380061 1.06482 0.413914 0.980585
Taylor -0.664686 -2.16543 0.220479 0.879129 0.564596
refuses 0.221482 0.247156 0.824898 0.694862 0.556202
challenging 1.08579 0.0921067 0.32331 0.0485391 0.765924
commitments -0.692912 -0.808138 0.465529 0.66425 0.931893
preview 1.32659 0.16016 -0.567529 0.555862 0.252002
agricultural -0.769295 -1.08783 -2.40124 0.398911 -0.163739
sector 0.352147 0.344743 1.05151 0.384068 0.591074
revolving -0.467957 -0.240193 1.05135 -0.228995 0.444563
door 0.140216 -0.0299236 0.643274 -0.817727 0.382521
syndrome 0.0274735 -0.227189 -1.16889 -1.03045 0.671929
gating 1.44493 0.794771 0.256918 0.0578495 0.604422
mobilized -0.190202 0.123258 0.222171 0.80787 -0.290795
opinion -0.159564 -0.562793 0.364379 1.12747 0.271538
faulty 0.0487128 -0.667964 0.502568 -0.713389 0.984028
enough -0.469672 -0.750576 0.928983 0.534096 -0.444118
bail -0.685019 -1.48138 0.660662 -0.178043 -0.246494
banks -0.483365 0.427165 -1.47789 -0.551681 0.388776
stolen -1.02449 -1.26962 1.38693 -0.222422 -0.882317
types -0.371732 -0.383319 -0.546111 -0.594855 1.45439
property 0.0344744 0.229577 -0.140336 -0.542439 -0.326332
second 0.316025 -0.277322 0.759444 0.833004 -0.227247
climate 1.20575 1.17625 -0.294385 1.12562 -0.451191
confidence -0.743606 -0.319173 0.677465 1.22884 -0.807205
credit -0.0293072 0.726312 -0.118922 0.146109 1.08754
unions -1.08476 -1.04984 0.309877 0.502083 -0.533002
big 0.637203 0.473095 -0.0508772 0.338171 0.571149
factor -0.0137992 -0.504189 -0.826717 1.15324 0.00319583
financial 1.79078 0.838705 1.82379 0.369434 -1.01803
institutions 0.0634688 0.975986 0.73341 0.721693 0.145835
western -0.89603 -0.117779 0.793903 -0.272909 0.588132
Cochrane -0.121872 -0.0594092 0.201553 0.00123925 1.83736
Superior -0.0903407 -0.879607 -0.00199664 -0.343278 2.03604
Penner -0.0774596 0.77597 0.0240614 0.313111 0.0628901
earlier -0.209887 -0.186883 0.0823454 1.38306 0.859993
tonight -0.678882 -0.553457 0.485712 -0.189626 0.00694791
onus -0.770658 1.02392 1.65693 0.60824 0.745152
free 0.027676 0.554536 1.8793 -0.600641 -0.431166
Members 0.814497 -0.920291 0.721932 0.849095 -0.318274
live 1.12657 0.154415 0.531224 0.698521 1.33135
far 0.416857 -0.51083 0.180054 0.646987 1.56979
centres -0.799784 0.534418 -1.20831 -0.0619484 0.881112
services 0.207319 -0.292828 0.740576 0.125462 -0.119568
cuts 1.41677 -0.0913269 -0.0157166 0.803424 0.305846
personnel 0.321701 0.469894 0.633515 0.265468 -0.431264
shops -0.913998 -0.539743 -1.12132 1.36866 0.178976
joining 0.0074626 1.50312 -0.575271 -0.58076 -1.10057
; 0.25639 -0.42848 0.66559 0.234888 1.3015
ahead -0.388091 0.333152 -0.0908314 0.153816 0.551932
article -1.66118 -1.31125 0.417757 0.251164 1.24736
written 0.340538 -0.758517 0.145112 0.423686 -0.181081
Dr. -1.02519 0.559452 -0.726153 0.678804 0.690051
Kenneth 0.309366 -0.715728 1.36677 -0.689016 0.795787
Hare 0.780206 0.639858 -0.67851 0.466664 -1.67304
recognized 0.76745 -1.47247 1.22687 1.69006 -2.5584
foremost 0.231042 -0.936262 1.39221 -0.0308012 -0.138068
atmospheric -1.31902 -1.60027 0.972943 0.603921 -0.763924
scientists 0.00373011 1.61364 1.10381 1.65841 0.80166
appears 0.400246 0.73072 0.817548 0.0173479 -1.0507
impact -0.617863 0.985262 0.548024 1.31701 -0.756323
pervasive -0.520931 0.400504 0.872583 1.5923 -0.860848
subsidy -1.25411 -0.253574 1.53618 0.285998 0.590355
bushel 0.286341 0.597046 0.48453 0.604616 0.0103148
Reagan 0.783326 0.393812 -0.0788354 -1.56289 -0.00902573
administration -0.572714 -0.565787 0.322031 1.18682 0.427597
grain -0.327297 0.0130146 0.111135 -0.955064 0.156813
farmers 0.641384 0.0624524 1.28012 0.573035 -0.652381
United 1.3759 -0.46754 1.15587 0.953185 0.649725
States -0.226698 0.235902 -0.575365 0.346756 0.295491
full 0.245074 0.282967 0.121075 1.97203 -0.645253
coming 0.145398 -0.198616 0.9724 0.499808 0.376842
fall 0.753499 -0.631176 0.329478 0.743789 1.05414
treating -0.744419 -0.472689 0.482565 -0.287861 -0.0581018
former 0.911376 -0.0489556 -0.241944 1.98565 0.69128
distinguished 0.824205 0.152586 0.555511 0.331543 -1.20909
talked 0.420869 -1.30296 0.393352 0.306421 -1.01119
sexual -1.33403 0.120701 1.33339 -0.505922 1.09976
harassment -1.12146 0.765514 -1.21369 -1.01674 -0.31457
disrobe -0.502231 -0.435392 0.934201 0.198808 1.2481
qualify 1.35684 0.485207 0.366263 0.738875 0.0680202
jobs 1.31174 -0.51003 0.267397 1.08138 0.669901
alerting -0.976376 -1.51008 0.451102 0.587103 1.55112
Conservatives 0.225775 1.85564 0.359694 -0.585016 -0.0482916
course -1.28238 -1.12008 0.657809 0.97026 -0.299922
contrary -0.931708 -0.249652 0.69056 0.309436 0.869208
Justice -0.493796 -0.0441969 0.644091 1.02361 1.10107
Solicitor 0.239541 -0.188744 -0.223683 -0.521139 -0.626637
responded 0.0851506 -0.795917 0.752371 -0.71619 1.0084
human -0.763556 1.11855 0.179712 -0.0731054 -0.202856
beings -0.192882 0.721126 0.0173026 1.84907 1.90693
Deputy 0.458131 -0.460719 -0.532183 0.344384 0.194979
independent 0.0346876 0.57339 -0.260449 0.612509 1.12421
international 0.26643 -0.104587 -0.161309 -0.893751 -0.195215
treaty 0.33069 -0.53592 0.0961908 -0.811551 0.55227
parliamentary -0.113666 -0.657689 1.25578 0.694434 -1.52476
subcommittee -1.1263 0.322318 -0.0991928 -0.454551 -1.08431
considering 1.72641 0.532559 0.801902 -0.0342656 0.246297
whole 0.552865 -0.546868 0.210315 0.850646 0.437583
equality 0.909426 -1.11028 0.224852 1.02801 -0.271127
rights -0.00525179 -0.358295 -0.00710153 -0.102688 0.7761
involving -0.585497 -0.0930856 1.14624 -0.337676 -0.0819541
four 1.48911 0.147064 -0.835463 -1.17503 0.151649
student -0.203936 1.14284 0.100634 -1.12219 -0.157473
subjected -0.124857 0.032464 1.48843 -0.147662 0.010145
test 0.99448 0.545926 0.0127622 -0.0205496 -0.779649
career 0.336401 -0.888229 -1.40176 -0.236568 -0.257122
oriented 0.365297 -0.0810416 1.12246 0.423773 -0.86407
objective 1.68495 -0.394858 0.293651 0.19438 0.760741
criteria 0.600113 0.547092 0.132343 0.315511 -0.386619
based 1.08571 -0.223302 -0.583619 -0.601716 -0.917777
factors -0.0744099 0.741093 1.31963 -0.694243 1.01083
referring 0.967383 0.143479 -0.569768 0.257414 1.37154
proceed 1.16103 -0.147564 0.495413 0.96114 0.430648
direction -0.533397 -0.636232 -0.138551 -0.46053 0.39369
life 1.35309 -0.53062 1.47837 0.49844 -0.472931
always -0.850607 -0.0658936 0.177371 0.479048 -0.30039
able 0.3219 -0.933933 0.865535 0.0311608 0.476287
excuses -0.319601 0.196883 -0.46002 -1.33576 0.790233
hotel 0.324252 -1.83941 0.791829 -0.267952 -0.371845
went -1.81725 -0.892434 1.16401 0.230328 1.11637
tube 0.263466 -0.523674 1.12032 -0.118829 0.674375
Fort 0.525813 0.670736 -0.552115 1.55784 1.69775
St. 0.208642 -0.138911 -1.37289 -0.704745 1.34773
became -0.0373803 -0.235734 0.00103017 0.761472 0.348114
ghost -0.230978 -0.58832 0.00171034 1.44643 -0.703958
town 0.179698 0.359544 0.457625 0.945613 -0.0873439
consult -1.2234 0.569164 2.10911 -0.302644 -0.533916
sat -0.757068 -1.19898 0.159944 -0.264306 0.712917
hammered -1.53856 0.200032 1.83696 -0.689075 0.831345
agreement -1.45897 -0.785358 1.23358 0.29576 -0.606597
Right -0.600589 -0.0585232 1.46576 -0.595973 0.758155
her -0.3459 0.635827 0.596672 0.238484 0.656156
"""" -0.318824 -0.316972 0.627357 0.676169 0.692445
works 0.963835 -2.02636 0.0869173 0.0182358 0.973317
approximately -0.889112 0.473839 0.785706 -0.0438629 -0.476922
amount -0.279226 -0.506464 -0.916829 1.22397 1.813
allocated -1.18282 -0.230899 -0.666653 -0.324035 -0.187641
DREE 0.211481 -0.764336 0.401199 1.35181 0.690821
funds -2.10058 0.667639 0.856721 -1.29655 0.107554
remainder 0.00185154 -0.205199 0.837929 0.768676 -1.09959
committed 0.280951 0.0564853 0.480227 0.0501542 0.0801158
Department 1.6284 0.907838 0.101335 1.3513 -0.157961
Indian 1.18378 0.0665014 -0.0392108 -0.35279 1.33613
Affairs 0.0816301 -1.5801 -0.243328 0.38631 0.0723045
Northern 0.0753334 0.256487 -0.128687 0.155437 0.494558
Development 0.924824 0.342582 0.729371 -0.0308173 0.709806
stressed -0.427139 -1.05311 0.576029 0.780391 -0.760308
often 0.0413806 -0.833646 -0.185466 0.0176991 0.0187506
Canadians -0.318229 -1.11138 0.383083 0.984639 0.313584
disturbed 0.530301 -0.00975992 1.37779 0.618394 -2.58376
increase -0.0324982 -0.0695641 0.65291 0.962147 0.443833
violent 0.387532 0.608213 0.220778 1.87393 1.39954
exports 0.0110839 0.101136 -1.241 -1.17167 0.618151
projected -1.8348 0.663638 0.843388 0.49863 0.493894
25 0.482989 0.106354 1.38885 0.306432 -0.964637
1984 0.0854445 -0.198988 0.94638 0.597948 -0.657487
85 -0.125501 -1.15826 -1.04527 -0.659163 -0.832535
crop 0.954303 -0.608957 0.817781 -0.356515 -1.14286
behind 1.04995 0.425048 0.675781 1.08505 0.196397
field -1.2896 0.55089 0.00337235 1.19316 0.383562
makes -0.309215 0.675781 0.941531 0.338102 -0.269057
embarassed 0.806413 1.46519 -0.679495 0.642318 0.899194
status 0.344639 0.156544 0.707434 1.36274 -0.45932
longer 1.05733 0.834828 1.59756 0.0291936 0.47053
distinction -0.823464 0.650133 -0.589806 0.301513 -0.00380848
rational 1.14677 0.0470883 -0.162415 0.437686 1.00296
between 0.0647873 -0.263633 0.254002 0.488061 0.270715
intermediate 0.748737 -0.641817 -0.779167 0.149656 -0.210069
intercontinental 0.624007 -1.00654 0.310419 0.744881 0.693567
nuclear -0.671467 -0.26891 0.861873 -0.107214 0.736565
missile 1.15252 -0.0972026 -0.0986266 -0.567399 0.648388
Western 0.745825 -0.289294 0.75554 0.901613 -0.271098
Arctic -1.95128 -0.431428 -0.843424 1.04012 0.195542
Victoria 0.511262 0.576242 1.17948 0.30646 0.560045
tourist 0.631085 0.44897 0.0206402 0.712421 0.109756
mecca -0.104514 -1.04137 -0.0336353 1.1107 -0.489311
tax 0.744809 -1.09599 0.738446 0.269634 1.07055
collected 0.2697 -0.172185 0.261906 1.12652 -0.0524182
refunded 0.792252 -0.249561 0.53354 1.18181 0.0470192
commitment -0.626624 -0.395594 1.00928 0.905155 -0.0594151
past 0.130587 -0.00793799 1.66014 0.299497 -0.425799
participation 0.748071 1.61321 1.05083 -0.207961 0.548985
historic -0.130822 -0.5943 1.47065 -0.532655 -0.99395
levels 0.0199589 -0.665055 0.465028 0.143573 1.0444
request -0.0156019 1.0533 0.505657 1.96988 -0.301756
person 1.08809 -0.531745 1.13698 0.0834639 -0.642699
declare -0.364988 -0.821844 1.04244 -0.0921597 0.424804
refugee -1.41513 -0.930809 -0.107744 0.13809 0.656136
actual -0.612986 -0.608559 0.0322712 0.283237 -0.0756131
equalization 2.42014 0.510882 1.38709 0.943263 -0.695585
concern 0.00272353 0.701161 1.01615 0.71913 1.27621
representatives -1.17485 -0.935556 0.8594 0.760066 -0.95507
advise 0.157501 1.06196 0.93609 1.78532 -0.817345
degree 0.43362 -1.32241 -0.0307981 1.03361 -0.231943
consultation 0.78466 0.134593 0.607524 0.29112 0.546553
PC -1.37504 0.797902 0.891741 1.0189 -0.911587
caucus -0.228114 -0.399027 0.932449 -0.128174 -1.5595
Manitoba 1.17534 -0.0793593 0.66945 1.02996 -0.546027
played 0.746204 0.193057 1.11532 0.591322 0.31205
military 1.23064 -0.626331 0.412415 0.243483 -0.240744
remembered -0.897075 -1.52712 -0.276552 2.20547 0.044583
favourable -1.04906 0.10548 0.172158 0.431776 -0.550692
light -1.14987 -0.450149 0.665972 -0.339404 0.865899
great -0.464772 0.728348 0.577156 0.594447 -0.0207777
interrupt -0.0701844 -1.27812 0.767863 0.0472001 0.206082
explained 1.36255 0.693511 -0.889159 1.96728 1.52954
willing 0.455992 -1.15681 1.05524 0.689895 0.504138
resume -0.780059 1.28669 1.76262 0.169712 0.91931
negociations 2.00113 -0.496035 -0.671077 1.42331 0.322092
Quebec 0.0172545 0.161973 0.590245 0.830004 0.559521
hurry 0.225399 -0.320895 0.676081 -0.849638 0.0050911
pass 2.7772 0.919604 1.22321 1.54976 0.242052
colleagues 0.610711 -0.89453 0.649773 0.494442 0.284135
spoken -0.272233 -1.2951 -0.244713 -0.54711 -0.84924
vigorously -0.562537 0.84399 1.42666 -0.597888 -1.13965
notes -0.541787 0.573946 1.50656 0.226474 0.581461
March -0.222624 -0.640849 0.404295 -0.23257 -0.855782
31 -0.502735 0.0559669 -0.631286 1.42971 0.706555
judgment 0.606629 -0.823508 0.295827 -0.415323 0.660033
sent -0.265698 1.39525 0.900385 0.560383 -0.924453
individual -0.0553709 0.193339 0.59428 0.529198 -0.328052
sense -0.855177 0.295819 0.786245 0.500022 -0.0951221
authorities -0.346494 -0.929169 0.416707 -0.789246 -0.658123
acting 2.40491 -0.44678 1.0072 -0.225488 -0.868853
emergency 0.169068 0.605513 0.737076 0.648298 0.437884
happened 0.29371 0.112761 0.346459 2.16326 0.130797
studies -0.536273 0.25568 0.132926 0.236071 1.55765
conducted 0.646988 -0.320738 0.316721 0.400425 0.0871343
incident 1.02131 0.227633 -0.172602 -0.905322 1.11416
occurred -1.49347 0.528186 -1.04758 1.49098 0.159248
understanding -0.344414 0.928116 0.24858 0.968114 -0.480565
promulgated -0.585108 -0.869594 0.328763 0.950418 -0.641834
attitude -0.137206 0.158847 -0.16591 -0.70473 2.36989
Cabinet -1.20185 -0.40447 1.32949 -0.276597 1.71348
luxury 0.0443686 -0.321907 -0.801514 0.819289 -0.514938
recommendations -1.2418 0.30153 1.62046 0.44264 -0.757954
Commissioner 0.219839 -1.40592 -0.0658583 -0.468989 1.8718
Official 0.527339 -0.202806 0.769236 -0.199636 1.43647
Languages 0.488954 0.503438 -0.0814364 1.5129 1.17642
reduce -0.321475 -0.930901 -0.0366244 1.83024 1.34658
buy -0.134071 -0.0820328 -0.491068 0.985482 1.59267
duplication 0.29335 -0.237275 -1.01692 0.889381 -1.04516
operations 0.0153096 1.15323 0.995734 0.248301 1.47227
review -0.609631 0.573814 -0.221123 -0.12461 -0.0197956
Supreme 0.749773 0.831318 0.872704 1.50267 0.829921
Court -0.293395 1.36038 0.966473 0.649929 -1.49578
ruled 0.231829 0.367652 0.802377 1.01756 0.124714
hearing 2.15038 -0.182629 1.12026 -0.144129 0.869391
compulsory -1.56598 -0.208327 -0.110063 -0.298913 1.32563
lawyers -0.31176 -1.03518 0.9704 0.263118 -0.728934
specialized 0.681179 -0.664888 0.0264477 0.992069 -0.369865
immigration -0.93103 -0.427491 0.705878 0.393544 0.257892
matters 2.22835 0.772721 1.90376 -0.0155584 -0.00596006
Bar 0.234398 -1.42551 -0.575946 1.9551 -0.537374
takes 0.598124 1.47353 0.625357 1.89153 -0.0859929
itself -0.231755 0.376662 0.327031 0.216229 0.00302154
penalize -0.46978 -1.24562 0.0544307 0.850271 0.323534
alternative -0.930045 0.235404 0.144243 -0.632475 -0.0825013
terms 1.12315 -0.0515104 0.840756 0.766045 -0.0325057
foreign -0.654977 -0.689442 0.116921 -0.299595 1.35868
investment 0.913624 0.00240054 0.903813 0.454937 -0.414618
loan 0.0987158 -1.1514 0.293076 1.40734 -1.14348
wait 1.25073 0.802127 1.06327 -0.401569 0.639251
until -0.462521 -1.22415 0.261443 0.39703 -0.061652
rural 0.769875 -0.722665 0.850789 -0.00223997 0.107529
areas 0.477157 0.0940278 0.641887 0.0577087 0.269038
completely 0.368009 -1.59521 -0.611004 0.226988 0.187535
acid -2.06844 -0.173487 0.186327 0.433132 -0.915662
rain -0.068901 -0.654275 1.22113 0.547023 1.37328
difficult -0.845837 -1.67978 -0.040873 0.172814 0.590416
forget 0.438765 -1.39593 0.0626167 1.08936 0.970441
majority 1.282 0.22575 0.670548 1.30589 0.00892405
beef 0.455414 0.0757661 0.203905 -0.231456 -0.606257
pork 0.640861 -0.647722 -0.717433 -1.19148 -0.2338
producers -0.148384 0.988706 0.773131 1.58097 0.178681
rejected 0.503311 -0.6472 0.538808 0.309494 0.627226
outright -1.21973 -0.376138 -0.949891 -0.863167 -0.721623
mechanisms -0.109404 -0.214291 1.08846 -0.292001 -0.102689
marketing 0.0280757 -1.07038 -0.322162 0.625205 0.771843
stabilization -0.326221 0.300062 0.15475 0.219253 1.05904
Bryce -0.121978 -1.2367 0.818259 0.0852182 -0.71612
nose -0.617731 0.0464144 -1.07764 -1.31933 -0.0693102
trough -0.891829 0.274105 0.695235 0.894059 -0.184983
rest 0.0215095 0.19858 -0.735546 1.87646 -0.301167
political -0.848065 -0.229131 0.664785 0.805448 -0.41246
administrative -0.459745 -0.437162 0.549693 0.493841 -0.651771
kept -0.417352 -0.106781 0.582233 0.312655 -0.43089
separate 1.43824 -1.27625 1.24901 -0.179718 -0.316122
steps -2.43647 -1.79267 0.275065 -1.66129 -0.754902
company -0.805278 -1.06725 0.711015 0.353994 0.523794
heritage 0.448627 0.190007 1.53369 0.14336 0.605624
places -1.1645 -0.529791 -0.124903 -0.00561487 0.315495
managed -0.133013 0.817032 0.739705 -0.761006 0.0425644
Parks 0.32828 -0.574174 -0.195475 0.187593 1.52138
benefit -0.469329 0.390411 0.6628 1.18963 0.132896
enjoyment -0.246589 -0.791447 0.390184 -0.0891033 -0.0221099
ruling 1.67786 -0.495009 0.966566 0.871284 0.0128801
discrimination -1.94114 -0.210247 0.0576771 -0.249346 -0.494936
envisaged 0.366836 -1.03213 1.01924 0.20794 0.466333
reading 2.42459 -1.41538 0.330181 0.697775 -0.876224
private 0.907644 0.085301 1.19 0.556284 -0.367204
criticism 0.278331 -1.6509 -1.30059 1.23809 0.998404
told 0.290393 -0.783422 0.10202 0.198493 -0.0842856
maintenance 0.237183 0.727521 -0.47738 0.191097 -0.804582
centre 0.455585 -0.028461 -0.968261 1.02516 0.0541717
VIA 0.900944 2.19574 0.391339 -0.0441109 -0.104345
Montreal -0.305827 -0.105832 0.655522 0.409419 -0.00743318
indefinitely -0.522174 0.625564 0.624709 0.00784905 -0.156197
postponed -0.640811 -0.597689 0.169582 1.08428 -0.483595
Baldwin 0.475332 -1.08185 0.0358355 0.62372 -2.47992
disclosure 0.195845 0.153233 0.876685 0.53549 -0.420738
overs -0.00961661 0.626113 1.40839 -0.321812 -0.634563
business 0.11745 0.240655 0.388257 1.55283 -0.979656
co 0.0308623 -1.30521 0.53856 0.32236 -0.0862539
ordinate -1.37883 -0.366366 -0.0873044 -0.245622 0.448492
Governments 1.34956 0.181528 1.72429 -0.469551 0.458158
certain 0.0478735 -0.10618 0.555468 -0.354422 1.69746
require 0.886122 -0.620741 -0.292695 -0.0336004 -0.303962
name -1.16014 -0.217275 0.769666 0.563961 -0.477164
FIRA -0.326817 -0.706648 0.700596 0.315334 -0.446665
Investment -0.802742 -0.105284 0.342091 -0.139683 -0.283793
automatic 0.669355 -0.715479 1.12931 -0.117888 0.766346
inflow 0.801464 -0.00889965 0.260007 -0.378751 0.0682082
dollars 2.26686 -0.12974 1.15708 0.445009 0.0673003
tell 0.238835 0.574363 0.654659 -0.129192 -0.0396818
nine -0.897822 0.158083 -0.548044 1.26981 0.28215
Budget 0.519577 -0.269543 0.976854 0.690621 -0.517636
currently -0.903734 -1.74792 -0.0122887 -1.14622 0.570574
allow 0.587093 -0.90614 0.584948 0.642872 0.320309
amateur -0.830309 1.30106 -0.0818854 1.22486 0.420615
athletic -0.249602 -0.671707 1.36075 -0.537719 0.412411
associations -0.715914 -0.00286183 0.209834 1.15602 1.09761
registered 0.362086 -0.71621 0.231789 1.12362 0.993702
belief 1.05376 -0.178418 1.24564 0.655052 -0.208276
groups -0.896665 -0.942064 -0.202154 -0.456754 -0.753384
association -0.905458 0.69449 -0.425145 -0.11559 0.294568
definition 0.391449 0.0899689 0.408899 1.18161 -0.775864
includes -0.470042 -0.205247 0.802744 -0.17783 0.367709
include 0.250766 0.0798084 0.691356 0.643126 -0.823491
battle -1.10526 -0.157187 0.00512026 1.04821 1.01397
gave -0.394898 0.298991 -0.511491 -0.153821 0.0582112
1,800 0.200625 0.361249 -1.18338 -0.825862 -1.23139
gallant 0.284453 1.24786 -0.137586 1.68301 0.420822
sailors 1.16663 0.434993 0.359194 0.33739 -0.562479
24 1.1092 0.229246 1.14223 -1.02666 -0.310523
proud 0.435543 -0.274692 0.609907 0.152652 -0.0508576
ships 0.298105 -1.11049 -0.0727781 -0.0206789 0.99909
incredible 0.757767 1.02304 0.877584 1.49428 1.40478
President 0.278543 -1.33682 0.336476 1.12197 -1.38631
Treasury 0.480709 -1.66715 0.365171 -1.10831 0.892285
laughing 0.547919 -1.17161 0.0335259 0.43123 0.320472
additional 0.579796 -0.0729885 0.336949 1.00595 0.133336
funding 0.323901 -0.60589 -0.127277 1.21134 0.060957
wonder 0.213348 -0.647069 1.18823 0.300139 -0.766166
permanent -0.18615 -0.522971 0.0196751 1.86093 -1.27143
chief -1.02837 0.411961 0.472498 -0.60005 -0.297251
executive 0.115067 0.685797 -0.0149026 -0.0489076 0.3015
officer 0.578268 -0.227599 -0.565345 -0.728116 -0.603617
spoke 1.35497 0.921644 -0.276398 0.5847 0.606807
applaud 0.989962 0.456711 0.834348 1.12108 0.477309
accurate 0.119413 -0.516588 1.13777 0.343158 0.452319
description 0.416012 0.117702 1.48398 -1.20738 0.295959
treated 0.532526 -0.913439 -0.170729 -0.302266 0.669185
isolation 0.289045 0.487145 -0.381002 0.283131 -0.415819
obviously 0.0668521 0.415428 -0.553602 -0.0371843 -0.324568
op 0.401876 -0.22487 0.223953 0.631783 -0.685403
eastern -0.0122193 -0.373509 0.889892 0.690738 -1.23689
policing 0.983773 0.167945 0.0307131 1.47418 1.03657
agent 1.51472 -1.18702 0.895153 0.232633 -0.100945
wants 0.245878 -0.59009 -0.481242 0.820455 0.141684
percentage 0.167542 -0.43742 0.468967 0.95098 0.164218
900 1.14898 0.171726 -1.21583 0.389378 0.310813
mail -1.60761 -0.0216912 0.476895 -0.156718 0.712277
votes 0.180706 -1.62847 -0.512425 0.58598 1.33972
received 0.209432 0.259329 -0.348681 -1.30092 -0.473568
mostly 0.242933 -0.370187 0.707383 0.546161 -0.299011
urban -0.10743 -0.588006 0.191626 1.24048 -0.611992
voters -0.293462 0.692195 -0.123386 0.47999 0.604819
basic 1.04996 0.93331 0.0874719 0.265694 0.379377
common 0.0392499 0.875083 -0.600187 1.22161 -0.291487
standards 1.23895 -0.0999903 0.930589 0.289488 -0.334774
actually 0.578418 -0.0521489 0.952154 -0.256824 -0.80385
stricter -0.364889 -0.686269 0.470161 -0.471284 -0.423583
abattoirs -0.912503 0.148282 1.59628 -0.0809491 -0.335432
technicians 0.867945 -1.62179 0.292064 0.15628 -1.03601
writers 2.16372 1.05407 1.48213 0.587024 -1.33048
playwrights 0.398891 0.148368 0.186048 0.370446 -0.872227
whose 0.921338 -0.888841 0.0184906 0.802263 0.274593
performed -0.302599 -0.876845 0.838546 0.36743 -0.165086
leftists 0.703413 -0.275629 -0.115721 1.02526 1.20898
done 0.862729 -0.393712 1.37777 -1.0008 -0.229895
yes 0.307949 -0.93475 0.87558 -1.26372 0.145828
small -0.447001 -1.43127 -0.033617 -1.41715 -1.09301
vulnerable 1.12058 -0.16154 0.711498 1.18892 -0.443596
Wyman 0.328462 -0.379238 1.1291 -0.290925 -0.526036
market 0.846834 -0.18842 0.540397 0.119441 1.30132
beat -0.151597 -1.5953 0.325892 -0.666725 0.556689
around -0.47952 0.948893 0.979192 0.437209 -0.301591
bush -0.228458 -0.105654 1.28252 -0.0258498 -0.329025
resource 0.525671 0.734106 0.683326 -0.0512119 0.962049
helps 0.494059 0.418076 -0.588137 0.919269 -0.456685
piece -0.815472 -0.143638 0.481916 0.829761 0.019151
objectives 0.314049 0.089859 0.860117 0.614444 1.03532
consultations 0.229984 1.03352 0.871966 -0.500318 0.179527
benefits 0.00522013 -1.30069 0.266737 0.444255 0.709453
Baie 0.336169 0.0103985 -0.0348578 1.20089 -0.689822
Comeau 1.06754 -0.00895984 -0.0397491 -0.865316 -0.879258
misrepresented -0.762004 -1.29401 0.231067 -0.697263 0.774343
reality 1.71883 -0.280359 0.682772 -1.00508 -1.12908
elementary -0.582811 -0.373216 0.542266 0.70589 0.605282
justice 0.527403 -0.565182 0.210982 -0.696168 0.501042
fairly 0.717894 0.584194 0.119992 1.50963 -0.919788
evaluated 1.31878 -2.14116 -0.73558 0.831566 0.0497924
discussion -0.893043 -0.488926 1.03306 0.531432 -0.524007
views -0.324621 1.12833 0.75527 1.98134 -0.137665
interested 0.591498 -0.627461 0.713555 0.820665 -0.741144
particularly 0.934763 -0.14169 0.27224 1.09004 1.45618
single 0.00342175 1.38208 1.36836 1.18723 1.50971
Regional -0.458391 -0.352208 0.20249 -0.0496464 1.09347
Economic -0.0418861 -0.538421 -0.105293 0.996715 -0.306353
Expansion -0.185312 0.508774 -0.168824 -0.281474 -0.138059
treats -1.44961 -0.932181 0.288978 0.528581 -0.0106171
honesty 1.00599 1.64646 1.4168 -0.0253711 -1.42659
net -0.992705 0.205991 0.000200742 0.176686 -0.0750711
farm -0.206923 0.239594 0.105203 1.36289 0.0771015
income -0.465849 -0.372551 0.904085 0.315279 0.0353775
lowest 0.027947 -0.218344 1.10263 -0.258725 0.289458
level -0.0771745 -0.257849 0.399771 0.338387 0.28666
1970 0.406397 0.0972211 -0.189442 -0.258033 -0.859801
third -0.76555 -0.789195 1.05452 -0.206016 0.14315
1938 0.325519 -0.595181 0.56328 -0.253843 0.165317
Laval 0.417839 -0.433354 0.287668 0.101218 0.779564
Deux 0.633229 -0.299101 -0.485485 -1.52529 -0.927202
Montagnes -2.011 -0.292031 -0.0365615 0.261113 0.695704
area -1.87363 0.327789 1.13089 0.281838 -0.355629
225,000 -0.691093 -0.511708 -1.33533 0.552996 0.526051
only 0.139425 -0.535144 0.636545 0.318597 0.673265
30,000 -1.2885 -2.35152 -0.088458 0.916513 0.295898
particular 0.271807 -0.135492 0.519371 0.964029 0.200812
personal -0.58999 -0.352964 0.226861 -0.298693 1.28505
promises -0.182938 0.165193 0.449756 0.427996 0.321034
fishermen -0.324204 -0.245279 0.537716 -0.193939 -0.223267
readily 0.988519 -0.126837 -0.581697 0.0390164 0.985813
problems -0.286688 0.455732 0.592916 -0.0145938 1.45623
arise 0.789844 2.12043 -0.461758 -0.792984 -0.746485
neglected -0.0173945 -0.666387 0.877579 -0.132233 0.592044
primarily 0.11849 0.130845 1.27908 0.596984 -1.31692
outstanding 0.33502 0.580905 0.890745 0.844151 -0.494405
failure 0.0340514 -0.702525 0.490151 1.09337 0.758817
ERDA 0.900675 -1.58504 0.953741 0.460553 0.207518
clean 2.02352 -0.13528 0.0871096 0.923489 -0.114746
giving 1.33686 -0.449795 -0.305795 1.13159 1.20111
gobbledy 0.272363 -0.296039 1.37735 -0.237158 -0.915258
gook 0.790781 -0.588763 -0.849126 0.0142565 -1.00305
Telecom 0.195948 1.53496 0.358192 -1.56956 0.460271
demonstrated -0.544458 0.228717 0.793811 0.840331 0.802862
savvy 1.63776 -0.114881 0.702208 0.624811 0.0103822
product -0.162199 0.705961 0.691198 -1.43209 0.526295
management 0.535772 -0.207948 -0.160242 0.397164 0.126949
ability 0.658848 -0.0992477 1.04815 -0.0115812 1.21966
running 3.42766 -1.13602 0.932445 0.841263 -0.983559
though 1.39445 1.14827 -0.213732 0.288768 -0.76063
fifty 0.257298 1.13909 -0.0358222 0.208201 0.0934873
State 0.313866 -0.368846 0.712798 0.423695 -0.865018
conduct 0.231795 -1.63445 0.900588 -0.281265 -0.469704
research -0.0681202 -0.165926 1.11531 0.280877 -0.264571
rule -0.905576 0.0204992 0.792552 0.759568 0.246946
commodity -0.520434 -0.205352 -0.483129 -0.465751 -0.41177
affected 0.108726 -2.30173 -1.04369 0.0966074 0.558051
simultaneously 0.633142 1.67397 1.06303 1.05335 0.203471
price -0.42916 1.0411 -0.802735 0.649124 -0.0918343
squeeze -0.312454 0.26143 -1.03955 -1.70929 -0.696921
diversified 1.12773 0.00184964 -0.13252 1.17443 0.113057
real -0.412763 -1.10127 -0.127456 -1.48911 0.366884
leaving -0.613137 -1.0699 0.297809 -0.433641 0.819917
farming 1.86012 0.0625422 0.786825 0.951056 1.04643
Senate 0.644794 -1.22341 0.872518 -0.233985 -0.592997
reform 0.571987 -0.708344 -0.901486 2.10158 0.763715
required -0.795702 -0.281184 0.141691 1.83598 0.639563
target -0.753444 -0.374857 0.868643 0.305376 -0.400432
mind -0.161029 -0.282903 1.15556 -0.0602285 -0.31913
unacceptable -0.00776761 0.00680054 0.446245 0.425677 0.426058
regardless -0.83958 -0.32668 1.75032 -0.382146 -0.00257578
Party 0.228455 -0.415027 0.702569 0.797379 0.56817
return -0.516353 0.0938807 1.08068 0.60358 -0.126716
mistake -0.669745 -0.697811 -0.576597 0.0838656 -1.17349
Tories -0.249239 -0.329747 0.316909 0.594125 0.586088
proposing -0.0508347 -0.198141 -0.75919 -0.600591 0.148268
differentiate 0.721797 0.223801 0.809011 0.672891 0.22168
painful -1.2513 0.0478423 0.0442611 1.28253 -0.106806
period -0.793701 -1.52163 0.606447 0.91029 -0.414643
joyful 0.864349 -0.972325 -1.77116 -0.316781 0.96374
establishment -0.431869 -0.400569 0.199385 0.493563 0.498209
system -0.101767 0.397838 -0.131024 -0.309797 0.409488
priority 1.63222 0.367234 1.23125 0.93254 0.327676
province -0.46956 0.275858 0.427751 0.370316 2.2373
accelerate -0.53847 -0.309257 1.46416 -0.315268 0.375807
healthy -1.43981 0.0277023 -0.523126 -0.119205 -0.80431
attracting -0.405723 -0.653075 0.298258 0.272367 -0.0649387
equity -0.685157 -0.524974 0.446483 0.553247 0.246026
universal -0.344124 -0.834971 -0.526141 1.26456 0.399865
allowance 1.20855 1.08618 0.0635201 0.781649 0.122139
maintained -0.587017 -1.30812 0.370337 0.0928527 -0.978961
low 1.61709 -0.348164 -0.652801 -0.115214 -0.708927
increased -0.564539 -0.995492 0.486798 0.397318 -0.250216
costs -0.393959 -0.886317 0.712177 -0.494016 -0.0784281
shampoo -0.340576 -1.871 -1.04851 1.07653 -0.588188
drinks -0.599109 0.545025 0.186631 0.206027 0.117889
kids 0.0305055 -1.39102 0.220952 1.25954 0.0315339
pet 0.975937 -0.951966 -0.276287 1.08497 1.16693
gas 1.08099 -0.701898 1.16909 -0.458772 -0.398642
even -0.499434 0.191904 0.446399 0.526518 1.73431
heating 2.10141 -9.56032e-05 0.0520312 -0.366103 1.4536
home 1.09775 0.0248141 1.71149 -0.614331 0.389361
technique 0.0956283 -1.2111 0.748811 -0.430569 -1.1714
unusual -0.873277 0.500241 0.432094 -0.181039 -0.297544
precedents -0.237523 0.194261 -0.145315 0.221573 0.57435
similarly 0.623727 -1.02609 0.990134 0.064926 -0.288343
7 1.15411 1.0637 -1.76153 -0.0967106 -1.87198
lavish 2.48681 0.724348 1.4081 0.752478 0.366422
spending 0.874394 -0.883436 0.467298 0.0843317 0.783856
engages 2.30518 -0.751015 0.319875 0.163 0.453995
bailing -1.36892 1.8028 0.611839 0.105896 1.50435
corporations -0.185286 0.220693 0.593157 0.935815 -0.263632
improved -0.233924 -0.801725 0.708001 -0.335597 -0.149235
survivor -0.536551 -0.673903 -1.54602 -0.256323 1.25877
pension -0.263314 0.408455 -0.00573382 1.34777 1.63967
splitting 0.27199 0.501002 -0.579071 -0.223329 -0.20855
marriage -0.213 -0.958411 0.792971 -0.903207 1.90299
breakdown 0.926575 -0.346863 1.18118 -1.06036 0.112432
adds 0.533824 -1.33244 0.276286 1.2546 -1.12109
resulting 1.47881 -0.493517 1.23338 -0.19983 0.370393
Accord -0.969658 -0.191289 1.78046 -0.679392 1.67391
likely -0.483251 -0.276967 1.39515 -0.637891 -0.161627
2.8 -1.30366 0.16495 0.548669 0.122524 0.216999
litre -0.473809 0.042057 -0.4407 -1.04429 0.050442
pledges 0.96417 0.45526 0.927268 1.09175 -1.92249
revive -0.334642 1.1178 -0.46899 2.0788 1.07589
create 1.06355 0.255612 0.838281 0.695205 0.0631203
rationalize -0.565005 -1.38578 -0.462384 1.03562 -0.258837
administer -0.680165 0.614979 -0.343858 -0.374472 1.36615
efficiency -0.988936 0.742318 0.552916 1.34617 0.0903499
look 0.556701 -1.13288 0.0913565 0.963898 -0.302429
paying 1.97349 0.0561135 1.24127 -0.795814 0.13295
roughly 0.958983 -0.445765 0.364662 1.60091 0.84968
equal -0.402651 -0.99526 1.73061 0.164855 1.42585
440 -0.932619 0.388472 1.67426 -0.434977 1.7448
paid 0.790268 0.854201 0.0498844 0.537156 2.02655
Canadair 0.121873 -0.561327 0.341211 0.268344 0.520081
hearings 0.117717 -0.188628 1.35422 0.0945658 0.862386
obvious -0.00831913 0.286328 0.140069 0.27988 -0.917528
gains 0.94929 -0.105838 1.27809 0.443045 -0.54809
indicates 0.649724 -0.658512 0.763579 1.19834 0.558183
decisions -0.336704 1.3713 0.391083 1.3058 -0.501828
brings -0.317379 -0.106571 1.39751 0.0859634 -0.0995231
hundreds -2.83892 -1.11307 2.03352 0.120319 -0.0931559
young 0.428069 0.238226 -1.7793 0.145251 1.31279
recently 0.226638 -0.00520642 -0.793982 1.21372 -1.12664
disillusioned -1.56703 -0.808982 1.2108 0.394593 -0.280724
supportive -0.209376 0.919756 -0.0290414 0.604863 1.69474
Crown -1.83352 0.391586 0.458709 0.593084 0.235242
commercial -0.241271 0.547273 -0.226506 1.45517 0.942623
value -0.470409 0.366419 0.538588 0.799255 1.44661
ongoing 0.212226 0.00524526 0.806064 -0.00100219 -0.161729
sold -0.59805 0.0898562 0.76785 -0.398075 -1.41143
considerations -0.350104 -1.14643 -1.38138 -0.180184 0.157185
clarify -1.1365 -0.559979 1.33229 -0.777114 0.994953
reduction 0.592767 -0.223041 1.47089 0.0232306 0.424365
thus -0.308087 0.0233064 1.51307 0.523523 -0.42574
describing 0.0375363 -0.721187 -0.726129 1.85368 -0.273219
physical 0.663691 0.207029 0.112827 0.0623076 0.545548
aspects -0.028615 -0.0924004 0.916965 0.451969 0.715493
challenge 0.848537 0.648595 -0.449479 0.205337 -0.00859086
community -1.50773 -2.0086 0.383187 -0.822522 0.286268
got -1.34009 1.90513 0.509876 -1.30115 -1.55528
vote 1.50845 -0.66094 -0.295654 0.48818 0.989812
Progressive 0.0558003 0.190864 -0.702323 -1.79853 0.402793
Conservative -0.0145204 -0.373687 0.794697 0.775211 0.66123
providing 1.88414 0.0304469 0.672168 -0.413814 0.0330383
stood -0.317431 -1.2462 0.253019 1.43593 0.107391
applauded -0.449296 0.105406 1.13147 -0.274498 0.525959
loudly -0.582092 0.441449 0.222817 0.174553 0.340792
eight -0.142278 1.81934 -1.04885 1.10323 -0.209874
theory 0.0142132 -0.698685 1.27077 0.283829 -0.772783
removal -1.29906 -1.88281 0.406066 -0.532765 0.00468703
poverty -0.936304 -0.474623 0.386662 1.01686 0.347461
senior 0.470416 0.215138 0.417126 0.444659 -0.0723677
citizens 1.12313 -0.915931 1.15111 -0.551978 0.620036
sources 0.540436 1.17556 0.120478 0.404956 0.49261
CFB 1.42888 -1.47955 -1.57379 -0.290825 -0.800914
Moose -1.17418 0.193781 0.178849 0.689937 0.0402353
Jaw -1.3559 -0.129547 -0.229887 -0.24148 1.07553
Snowbirds 0.194295 -0.731304 0.970654 0.382351 -0.876134
aerobatic 0.111059 -0.0404423 1.63185 -1.58583 -0.487518
air -0.586407 0.648507 0.273048 0.310233 -0.267517
team -0.0259608 0.0253865 1.28512 0.360029 -0.605772
day -0.406927 0.839195 1.32738 0.592062 1.21811
Atlantic 0.767734 0.0594715 0.611513 0.558297 1.66442
council 0.498349 -1.13024 1.62726 -0.54844 -1.19178
break 0.276988 0.415672 1.25885 -0.331601 -0.0568508
wish 0.493056 1.08548 0.511034 -0.720319 0.280462
direct 1.1043 1.60587 -0.276434 1.52516 0.220715
comments 0.32195 -0.929736 0.738262 -0.555948 0.192985
improvements -0.510984 0.525957 0.26982 0.223283 0.311402
offered 0.412717 -0.132473 0.469573 0.232331 0.759729
furthermore -0.694546 0.104339 0.303669 0.44317 1.25688
erosion -0.641594 0.197585 0.70039 1.64948 0.124736
base 1.15542 -0.204329 0.0928484 0.661248 0.0744396
assets -0.0472078 -1.01722 -0.494795 -0.0222304 0.173864
regarded 0.67625 -0.971751 -0.333734 0.529639 -0.0543367
compensated 0.913753 0.00879866 0.682483 1.2777 0.0101185
realistic 0.481073 0.65144 1.38848 0.832396 -0.890894
balanced -0.924074 0.796348 1.41468 -0.239152 0.354478
sensible -0.419096 0.2355 1.06427 -1.12478 -0.251702
interest 1.39981 0.153109 0.884537 -0.430106 -0.29676
voted -0.555595 -1.37583 0.938865 0.468865 -1.14751
affairs 0.815298 1.89799 0.639419 -0.72104 -1.07153
facts 0.387158 0.447336 1.42468 0.267924 0.0186862
Beaches 0.333286 0.62063 -0.56802 0.479974 0.159848
gives 0.701618 -0.146146 1.113 0.239845 -0.828224
else -1.14468 -0.316376 -1.19967 0.679429 0.897612
library 0.632331 -0.0643558 2.49747 -1.52699 1.30418
spends 0.583462 0.235927 0.756586 -0.124226 -1.32392
nearly -1.68226 -0.378995 -0.00756759 -0.355951 0.0205688
annually -0.587753 0.222909 1.31314 -1.42292 -0.899435
businesses -0.530503 -0.638168 -0.225643 0.983936 0.285741
exploit 1.08135 0.601793 -0.064212 0.372022 -0.810558
opportunities 0.862227 0.611243 1.2808 0.770617 -1.00387
technological 0.497649 -0.183578 0.453344 -1.49036 1.01744
advancement 0.317781 -1.09395 1.91638 -1.03223 -0.066613
risks 0.805229 -0.379977 0.164691 0.324734 -1.30015
prepare 0.236212 0.456845 0.20813 1.6507 -1.09829
marine 0.603712 -0.0996759 -0.48106 0.209255 0.113428
re -0.867533 -0.760076 -0.258297 -0.28528 0.0938565
lengthy 1.64985 1.19145 0.525631 1.47442 -1.92986
once -0.119613 -0.280146 0.9765 1.61966 -1.27896
again 0.193647 -1.10985 0.225789 0.490996 0.264937
NDP -0.0127254 0.217521 0.855026 0.298287 1.77153
forecasters 0.0417555 0.314291 1.02011 0.140556 -0.770874
doom -0.24427 -0.780617 0.621357 0.649871 0.706441
gloom -0.4328 -0.563378 -0.935747 0.408399 -0.260288
proven 0.0587859 -0.327146 0.679424 0.245241 0.0607431
wrong -0.459047 -0.506595 1.15688 0.28339 -0.53137
bother -0.733909 -0.0819157 0.385807 1.32981 1.44899
boring -0.432136 0.795203 0.436214 1.21998 0.718426
came 0.45445 -0.494318 -0.087848 -0.988917 1.03635
discovered -0.0239916 -1.23333 0.975899 -0.0298149 0.745588
trend -1.19547 -0.342672 0.293284 -0.395135 -0.190864
line -1.31766 -0.245889 -0.58783 -0.758098 1.41532
document 0.537853 0.178588 -0.663266 -0.230153 -0.439996
cited 0.401227 -0.684331 -1.01772 0.146127 1.23235
tabled 1.75268 0.728088 0.68193 2.06524 1.4328
serve 0.326684 -0.85225 0.72719 0.367203 0.22137
excess 0.539906 -0.873095 0.750875 0.617281 0.654112
365 -0.490672 -0.362281 0.878338 -0.475974 0.351478
eligibility -1.38252 -1.04585 -1.44817 -0.419737 2.52255
talk 0.27367 -1.01994 0.112038 -0.642079 0.748053
proposal -1.30351 -1.18547 0.132512 1.32077 -0.0117473
wall -1.54428 -0.656792 1.4282 1.18746 0.355164
homeowners 0.797686 -1.50171 0.447993 0.17108 0.535897
lose -0.167228 0.0866076 -0.0753586 0.140908 -1.06997
rates 1.03401 -0.26715 0.967208 -0.604241 0.762145
somehow -1.68326 -1.05759 -0.6772 0.258069 2.58495
collapsed 2.02336 -0.114898 -0.361233 1.50704 0.514728
instance 0.978481 0.15661 1.09222 0.492723 -1.19341
premiums -0.413592 1.72048 1.06545 1.86615 -0.21886
Candu 0.621396 0.0631788 0.780876 0.93933 0.361086
option 0.687408 -0.172637 0.00361179 -0.335268 -0.240087
receiving -0.348553 -0.260437 1.05447 -0.611688 0.768246
representations -1.82362 0.525032 -0.0611921 0.6297 -0.105634
unable -1.42042 -0.271531 -0.135512 -0.397713 0.537899
Essex 0.207093 0.52424 -1.12965 0.592055 1.20697
Windsor -0.546152 -1.09151 -0.250828 0.987196 0.0102921
history 0.708675 -1.71257 -1.4975 -0.287674 1.82904
lesson 1.01489 -0.160088 0.491354 1.24293 1.28459
reads -0.0449496 2.21964 2.47793 -1.53888 -0.954762
burning -0.0496817 0.788654 -0.588659 -0.726337 -1.97238
determining 0.521675 0.701552 0.370028 -0.078329 1.07288
bet -0.00571562 0.10889 -0.129069 1.58717 -0.0106277
Mulroney 0.00156809 0.559581 0.935048 -0.998487 -0.436748
concerning -0.699147 0.959819 -0.685091 0.799029 0.309097
employment 0.642946 -0.998824 0.631027 -0.129327 -0.766573
substantive -0.927398 1.28039 0.988789 -0.257594 -0.556222
housekeeping -0.477193 2.34988 0.285994 -0.87514 0.123731
discriminate 0.410331 -0.301357 1.64365 0.29188 -2.33803
among -0.055303 1.05009 1.14658 0.548906 0.333508
individuals -0.863091 0.960357 1.93227 -1.32581 0.690591
operation 0.21419 0.824743 0.119278 0.0640375 -0.648793
sensitivity -0.0612531 -0.0516893 -0.0685396 -0.170559 0.222636
current -1.14154 -0.342187 -0.341463 1.41323 -0.167278
surveillance 0.718561 -0.877541 0.325703 1.32835 -2.13073
systems -0.701241 -2.02868 -1.04189 -2.21208 -0.500766
June -0.887578 -0.375935 0.498063 0.847436 0.380054
1934 0.667237 -1.30339 0.370453 1.67359 -0.969918
renamed -0.772936 0.411968 -0.601537 -1.57591 -0.485569
Transportation -0.798651 0.909569 1.29868 0.177795 1.21711
Company -0.227873 0.975625 -0.704473 -1.06247 1.60134
Limited 0.1065 0.27719 0.832459 -0.585144 -0.774164
still -1.42064 -1.59235 0.118451 -0.876415 1.08585
ownership -0.239149 0.882434 -0.233754 0.141158 -0.616344
commend 0.390727 0.645007 0.928107 0.361439 0.341828
rush 0.720298 0.206496 1.69582 -0.688519 -0.205437
publicly -0.538113 -0.408211 1.67266 -0.962865 0.238587
owned 0.0487002 -1.09297 -0.169794 -0.842718 -0.715573
interfering -0.643971 -0.67311 0.344355 0.260932 1.09283
specialty 1.04092 0.734047 -0.512987 -1.69057 -0.158626
stand 0.137527 0.234257 0.32318 0.914361 -0.379587
vessels -0.729235 -1.01121 -0.257551 1.23089 -1.7353
Beaufort 0.883295 -0.522355 -1.01121 0.390057 0.892665
Sea -0.206192 -2.5766 -0.570047 0.309477 -0.477169
provided 0.703265 -0.171724 0.173586 -0.280893 0.932199
others -0.0442798 0.810142 0.621392 1.72354 -0.320785
success 0.463083 -0.175723 0.633781 0.733353 -0.378743
dispose -0.475238 -0.331673 -0.136215 0.457234 0.0926357
Motion -1.3752 0.137537 0.367351 -0.103801 -1.25763
No. -0.948483 -0.599338 -0.205939 2.77837 -0.56121
west 0.574743 0.0841186 1.37169 -0.716668 -0.211581
coast -0.70961 0.678825 2.31588 -0.846752 1.25138
Advisory 0.01653 -0.555288 0.321061 0.531446 1.00662
perfect -0.71816 0.881044 1.32122 0.390084 -0.791222
fine -1.21737 -0.24402 1.54526 -0.258478 0.458213
partnership 0.530748 -0.340433 -0.114549 1.55109 0.749437
within -0.459318 0.513635 -0.996666 0.0913793 -1.43511
Departments -0.426025 0.808469 1.12818 0.00543662 0.0820915
actively -0.0251325 -0.631402 1.72525 -0.866664 0.92674
proceeding 0.062299 0.496047 0.526224 0.126666 0.251652
operative -0.706979 -1.20306 0.570534 -1.38034 -0.446957
coordinated 0.592852 2.39631 1.86568 -0.52524 0.247655
fashion -0.0610385 0.0643804 0.136824 -0.338562 0.204813
contradiction 0.137414 -1.07516 0.301321 0.680613 0.545607
officials -1.03222 -0.0482917 0.585737 0.661353 0.657001
requires -0.497684 0.471881 -0.171054 0.0866503 -2.07545
further -0.0610737 1.10285 0.811995 0.278201 0.411839
investigation -0.385902 -0.587248 0.472183 0.503846 -1.25508
Farm -0.0414226 -0.759327 0.40485 -0.417428 -0.441352
Credit -0.731811 0.505038 0.286014 0.784345 0.478027
Corporation 0.473329 -0.225436 0.49114 -1.00846 2.321
key -0.378623 -0.00582663 -0.0271223 0.422413 -0.875281
indicators -0.562724 -0.0977763 1.18456 0.926082 -1.11529
production -1.97059 0.11595 -0.306488 0.0172039 -0.787838
expanded -0.592023 0.142354 0.889747 -0.110478 0.812733
sixth 0.645716 -0.685128 -0.99754 0.509891 0.291414
Bowden 0.0455367 -1.04373 -0.514039 1.07915 1.22977
Institution 0.845022 -0.439528 -0.424928 -0.00566919 0.0528353
Alberta 0.0164856 0.092583 -0.578944 0.246191 -1.59523
passed -0.443152 0.619703 0.790823 -0.6222 -0.273657
surely -1.6678 -0.102117 -0.178307 -0.812708 0.188989
September -0.115286 0.355578 -0.454726 -0.434024 -2.08742
4 -0.257498 -1.05247 0.501569 -1.88432 0.617646
call -0.554403 -2.02637 -0.0209374 2.06792 0.972195
procedures 0.941722 -0.801215 0.180572 0.765761 0.0341325
established 0.150164 -0.35245 0.980998 -0.260654 -1.34433
depend -0.741338 -0.534298 1.41099 -0.161485 -0.3564
quality 0.693801 -0.346563 1.9259 -0.521936 0.963086
tolerance -1.09322 -1.60821 0.068189 0.159926 0.245455
countries -0.456337 -0.953109 0.135409 0.981381 -0.387927
advice -0.709917 -0.0246939 -0.63122 -0.461876 0.953168
pleased -1.03674 1.24731 0.943428 1.73659 0.931081
refrain -0.384237 -0.563939 1.1371 -0.806725 -0.397856
displays 0.526014 0.548474 1.0547 1.19344 0.182499
appear 0.17244 1.00538 0.984308 0.284969 0.185224
prepared 1.39918 0.161288 -0.120027 -0.123265 2.41897
disregard 0.313331 -1.01628 1.32123 0.917525 0.00126487
promise 0.166329 -0.309617 0.413158 -0.595049 -0.943444
amused -0.397626 0.0867604 -0.8068 -0.207533 0.403796
probing -0.92256 -0.0504624 -0.205938 0.677406 -0.760488
questions 0.779637 -0.783529 -1.56546 0.897725 1.36814
control 0.0846402 -0.780351 0.523379 0.163559 -0.295411
deficit -1.58582 -1.00033 1.10084 -0.236292 -1.01886
suggesting 0.780082 -0.416613 0.666984 0.14168 2.05441
levy -0.116777 0.207569 -0.335546 0.0898622 0.692056
taxes 0.657478 0.325055 0.32937 0.318584 -1.16807
losing 1.36712 0.91755 0.146051 0.942284 -0.725563
premise 0.740648 -0.85197 0.865527 0.846743 1.21028
employed 0.402278 0.596494 0.210292 -0.534744 1.27788
directly 0.456889 1.49818 -0.423457 2.25296 -0.241972
contract 0.0623101 -0.366302 -0.0880963 0.191897 -0.0596711
Office 0.277238 -0.133449 2.41059 0.30362 -1.40811
fees 0.239501 0.205303 -0.149187 -0.67815 0.380502
performer 0.440487 -1.07236 -0.046962 0.620663 -0.282996
keeping 1.13094 -0.420066 0.263778 1.54256 -0.726162
gala 0.31788 -0.833737 0.0149384 -0.427416 0.040372
des -0.795293 -0.412678 0.318435 0.837676 -0.131265
Artistes 0.339582 0.63409 0.776536 0.326006 0.247729
during 0.0409086 1.31944 -1.05028 -0.429261 -0.290193
nothing 0.0433992 -1.36216 0.943829 -0.606942 1.83274
overproduction 2.09839 -0.251358 1.41406 0.291519 -1.29354
